Gene	RNCMPT00001
Motif	RNCMPT00001
Pos	A	C	G	U
1	0.39532879396435	0.105513888686126	0.105513888686126	0.393643427745405
2	0.00770456803068082	0.00770456803068082	0.00770456803068082	0.976886297348457
3	0.976886297348457	0.00770456803068082	0.00770456803068082	0.00770456803068082
4	0.976886297348457	0.00770456803068082	0.00770456803068082	0.00770456803068082
5	0.00770456803068082	0.00770456803068082	0.00770456803068082	0.976886297348457
6	0.00770456803068082	0.00770456803068082	0.00770456803068082	0.976886297348457
7	0.321131137484576	0.143803698114993	0.478370946765367	0.0566942181612342


Gene	RNCMPT00002
Motif	RNCMPT00002
Pos	A	C	G	U
1	0.773202708628553	0.0755990967724702	0.0755990967724702	0.0755990967724702
2	0.00430461221593073	0.00430461221593073	0.987086161345983	0.00430461221593073
3	0.987086161345983	0.00430461221593073	0.00430461221593073	0.00430461221593073
4	0.00430461221593073	0.987086161345983	0.00430461221593073	0.00430461221593073
5	0.00430461221593073	0.00430461221593073	0.987086161345983	0.00430461221593073
6	0.228809755236608	0.10208869663005	0.00430461221593073	0.664796933911185
7	0.427754153606094	0.0793093155884373	0.0997300686202917	0.393206460178951


Gene	RNCMPT00003
Motif	RNCMPT00003
Pos	A	C	G	U
1	0.0983441407394978	0.0983441407394978	0.0983441407394978	0.704967578595223
2	0.00457897434436391	0.00457897434436391	0.711887300353486	0.278954749988551
3	0.00457897434436391	0.00457897434436391	0.186045758653961	0.804796291688075
4	0.00457897434436391	0.00457897434436391	0.734631374411674	0.256210675930362
5	0.00457897434436391	0.00457897434436391	0.00457897434436391	0.986263075997672
6	0.00457897434436391	0.00457897434436391	0.822768953386897	0.16807309695514
7	0.0285430063447848	0.0285430063447848	0.11605126951014	0.826862716951197


Gene	RNCMPT00004
Motif	RNCMPT00004
Pos	A	C	G	U
1	0.0850634504936057	0.0850634504936057	0.175951658141761	0.65392143623043
2	0.0130464984118041	0.0130464984118041	0.776576805287808	0.197330201099004
3	0.0130464984118041	0.0130464984118041	0.0130464984118041	0.960860507975009
4	0.0130464984118041	0.0130464984118041	0.764576198088384	0.20933080829843
5	0.0130464984118041	0.0130464984118041	0.104633577159811	0.869273429227003
6	0.0130464984118041	0.0130464984118041	0.666799025115857	0.307107981270957
7	0.0831008331277267	0.0831008331277267	0.264547858016938	0.56925047512411


Gene	RNCMPT00005
Motif	RNCMPT00005
Pos	A	C	G	U
1	0.189605219421985	0.482194645942127	0.102850529565822	0.225349604512755
2	0.103677932932954	0.0988005904403853	0.00875852820080544	0.788762949762942
3	0.00875852820080544	0.00875852820080544	0.00875852820080544	0.973724416734669
4	0.00875852820080544	0.00875852820080544	0.00875852820080544	0.973724416734669
5	0.00875852820080544	0.00875852820080544	0.00875852820080544	0.973724416734669
6	0.00875852820080544	0.00875852820080544	0.00875852820080544	0.973724416734669
7	0.0323704182009224	0.113077090918993	0.118739566325627	0.735812925479549


Gene	RNCMPT00006
Motif	RNCMPT00006
Pos	A	C	G	U
1	0.334393803390137	0.406930062458824	0.129338068546115	0.129338068546115
2	0.00810664807887924	0.975680053004775	0.00810664807887924	0.00810664807887924
3	0.975680053004775	0.00810664807887924	0.00810664807887924	0.00810664807887924
4	0.00810664807887924	0.00810664807887924	0.975680053004775	0.00810664807887924
5	0.975680053004775	0.00810664807887924	0.00810664807887924	0.00810664807887924
6	0.0557138746101714	0.0557138746101714	0.238624272330409	0.64994797514171
7	0.0791309199857004	0.177630752474891	0.580712675861767	0.162525650856341
8	0.224511001877633	0.336092791628549	0.310626375255964	0.128769830893367


Gene	RNCMPT00007
Motif	RNCMPT00007
Pos	A	C	G	U
1	0.0308475222302448	0.907457431662786	0.0308475222302448	0.0308475222302448
2	0.615541087845964	0.00697410964314395	0.370510691507507	0.00697410964314395
3	0.979077669710324	0.00697410964314395	0.00697410964314395	0.00697410964314395
4	0.00697410964314395	0.979077669710324	0.00697410964314395	0.00697410964314395
5	0.00697410964314395	0.00697410964314395	0.979077669710324	0.00697410964314395
6	0.979077669710324	0.00697410964314395	0.00697410964314395	0.00697410964314395
7	0.392989056973878	0.310570328765478	0.190161399669472	0.106279212464616


Gene	RNCMPT00008
Motif	RNCMPT00008
Pos	A	C	G	U
1	0.976645202675335	0.00778493118669669	0.00778493118669669	0.00778493118669669
2	0.0979710760793953	0.685620461005767	0.208623527963562	0.00778493118669669
3	0.976645202675335	0.00778493118669669	0.00778493118669669	0.00778493118669669
4	0.101571012814051	0.882859121047973	0.00778493118669669	0.00778493118669669
5	0.976645202675335	0.00778493118669669	0.00778493118669669	0.00778493118669669
6	0.293509765996908	0.200390339320415	0.102470996997715	0.403628893920384
7	0.667790528533357	0.0798585093492451	0.0798585093492451	0.172492453814989


Gene	RNCMPT00009
Motif	RNCMPT00009
Pos	A	C	G	U
1	0.109756785169261	0.298377809260667	0.383422666699586	0.208442745223722
2	0.0632933667141014	0.249741527874078	0.536586320425882	0.150378777680351
3	0.040001699562991	0.040001699562991	0.879994907937889	0.040001699562991
4	0.0162989806780474	0.951103056102298	0.0162989806780474	0.0162989806780474
5	0.0162989806780474	0.0162989806780474	0.951103056102298	0.0162989806780474
6	0.0162989806780474	0.18822574951809	0.0162989806780474	0.779176287262257
7	0.0859314620640403	0.0859314620640403	0.742205621901344	0.0859314620640403


Gene	RNCMPT00010
Motif	RNCMPT00010
Pos	A	C	G	U
1	0.431298988764183	0.130967524696893	0.217292846389639	0.220440640275945
2	0.00822817729605786	0.00822817729605786	0.00822817729605786	0.975315470792098
3	0.727709113075183	0.00822817729605786	0.255834535012976	0.00822817729605786
4	0.0884629469637818	0.806392259388653	0.00822817729605786	0.0969166190317815
5	0.00822817729605786	0.00822817729605786	0.00822817729605786	0.975315470792098
6	0.00822817729605786	0.00822817729605786	0.00822817729605786	0.975315470792098
7	0.00822817729605786	0.00822817729605786	0.00822817729605786	0.975315470792098
8	0.247895021198229	0.127312379372361	0.413458615539935	0.211333980938737


Gene	RNCMPT00011
Motif	RNCMPT00011
Pos	A	C	G	U
1	0.095457670488454	0.095457670488454	0.159676014051064	0.64940864562292
2	0.00553639133694273	0.00553639133694273	0.80690213427968	0.182025081058947
3	0.00553639133694273	0.00553639133694273	0.00553639133694273	0.983390824001685
4	0.00553639133694273	0.00553639133694273	0.73770213959208	0.251225075746546
5	0.00553639133694273	0.00553639133694273	0.00553639133694273	0.983390824001685
6	0.00553639133694273	0.00553639133694273	0.813240495862057	0.17568671947657
7	0.0297978820557906	0.0297978820557906	0.116701449094023	0.823702786765746


Gene	RNCMPT00012
Motif	RNCMPT00012
Pos	A	C	G	U
1	0.0328789423925834	0.796090953786487	0.0328789423925834	0.1381511617227
2	0.277371950787395	0.218125806732724	0.00894548662494545	0.495556756341827
3	0.104263170593888	0.0961698533174317	0.00894548662494545	0.790621489950626
4	0.00894548662494545	0.00894548662494545	0.00894548662494545	0.973163540612057
5	0.00894548662494545	0.00894548662494545	0.00894548662494545	0.973163540612057
6	0.00894548662494545	0.00894548662494545	0.00894548662494545	0.973163540612057
7	0.032709768680212	0.032709768680212	0.214375375899823	0.720205086989861


Gene	RNCMPT00013
Motif	RNCMPT00013
Pos	A	C	G	U
1	0.012021481040213	0.012021481040213	0.012021481040213	0.963935552230588
2	0.963935552230588	0.012021481040213	0.012021481040213	0.012021481040213
3	0.10164370706502	0.012021481040213	0.87431332620578	0.012021481040213
4	0.11753403355671	0.012021481040213	0.670501924945205	0.199942555809099
5	0.201960375046139	0.012021481040213	0.0992223239805725	0.686795815284302
6	0.686795815284302	0.012021481040213	0.0979107414764966	0.203271957550215
7	0.337267846220653	0.0591582052159025	0.544415746060043	0.0591582052159025


Gene	RNCMPT00014
Motif	RNCMPT00014
Pos	A	C	G	U
1	0.0795752249505711	0.181259273554526	0.0795752249505711	0.659590275577248
2	0.00711703070931139	0.00711703070931139	0.00711703070931139	0.978648910733411
3	0.617243472651801	0.00711703070931139	0.18952662292132	0.18611287657891
4	0.686857748931106	0.00711703070931139	0.196769631270731	0.109255591950196
5	0.00711703070931139	0.00711703070931139	0.877479886043236	0.108286055399487
6	0.00711703070931139	0.00711703070931139	0.00711703070931139	0.978648910733411
7	0.00711703070931139	0.00711703070931139	0.00711703070931139	0.978648910733411


Gene	RNCMPT00015
Motif	RNCMPT00015
Pos	A	C	G	U
1	0.669311734398797	0.110229419466006	0.110229419466006	0.110229419466006
2	0.203328938419283	0.385888967227372	0.110229419466006	0.300552667684155
3	0.0630064018671351	0.0630064018671351	0.724460658394621	0.149526543759808
4	0.0162237641251594	0.0162237641251594	0.858727898071819	0.108824567056879
5	0.951328701003539	0.0162237641251594	0.0162237641251594	0.0162237641251594
6	0.103108810978615	0.770796304330793	0.0162237641251594	0.109871113944449
7	0.624744287763061	0.0625080051959129	0.250239705538867	0.0625080051959129


Gene	RNCMPT00016
Motif	RNCMPT00016
Pos	A	C	G	U
1	0.110871349592076	0.110871349592076	0.576230667329126	0.20202663331605
2	0.0183331335327331	0.0183331335327331	0.94500060058715	0.0183331335327331
3	0.94500060058715	0.0183331335327331	0.0183331335327331	0.0183331335327331
4	0.0183331335327331	0.94500060058715	0.0183331335327331	0.0183331335327331
5	0.766209687874068	0.0183331335327331	0.197124046245815	0.0183331335327331
6	0.499700431433382	0.0414525935076519	0.417394376983791	0.0414525935076519
7	0.133741033785827	0.0414525935076519	0.783353774631347	0.0414525935076519


Gene	RNCMPT00017
Motif	RNCMPT00017
Pos	A	C	G	U
1	0.298745043927636	0.0512258035946438	0.0512258035946438	0.598803348190284
2	0.003967692980552	0.003967692980552	0.988096922085338	0.003967692980552
3	0.003967692980552	0.988096922085338	0.003967692980552	0.003967692980552
4	0.988096922085338	0.003967692980552	0.003967692980552	0.003967692980552
5	0.003967692980552	0.003967692980552	0.003967692980552	0.988096922085338
6	0.003967692980552	0.003967692980552	0.988096922085338	0.003967692980552
7	0.405194573634082	0.389106701227325	0.102849361903183	0.102849361903183


Gene	RNCMPT00018
Motif	RNCMPT00018
Pos	A	C	G	U
1	0.184856563952174	0.173741944161635	0.173171963659556	0.468229523455893
2	0.156523488695049	0.150250216872941	0.538128552164815	0.155097745099116
3	0.0169016828769017	0.949294956440969	0.0169016828769017	0.0169016828769017
4	0.0169016828769017	0.0169016828769017	0.949294956440969	0.0169016828769017
5	0.0169016828769017	0.949294956440969	0.0169016828769017	0.0169016828769017
6	0.0169016828769017	0.0169016828769017	0.949294956440969	0.0169016828769017
7	0.0399582446685517	0.791476075717119	0.0399582446685517	0.128607430492907


Gene	RNCMPT00019
Motif	RNCMPT00019
Pos	A	C	G	U
1	0.832591212792457	0.0558029276066798	0.0558029276066798	0.0558029276066798
2	0.0966226073699798	0.00907801179449789	0.885221367741483	0.00907801179449789
3	0.972765963316962	0.00907801179449789	0.00907801179449789	0.00907801179449789
4	0.107870731139151	0.00907801179449789	0.873973243972311	0.00907801179449789
5	0.88034098346147	0.101502991649992	0.00907801179449789	0.00907801179449789
6	0.579942318377788	0.208383204944379	0.202596463583794	0.00907801179449789
7	0.53601577568826	0.261823409655306	0.145620314013802	0.0565404994373066


Gene	RNCMPT00020
Motif	RNCMPT00020
Pos	A	C	G	U
1	0.178193502140083	0.0872748171298672	0.559955658611622	0.174576018853948
2	0.0187091904613737	0.0187091904613737	0.943872429890684	0.0187091904613737
3	0.943872429890684	0.0187091904613737	0.0187091904613737	0.0187091904613737
4	0.0187091904613737	0.943872429890684	0.0187091904613737	0.0187091904613737
5	0.390029702673727	0.0187091904613737	0.572551917678331	0.0187091904613737
6	0.467654595207375	0.0187091904613737	0.494927025144681	0.0187091904613737
7	0.236166926814529	0.0418072619199785	0.680218543574584	0.0418072619199785


Gene	RNCMPT00021
Motif	RNCMPT00021
Pos	A	C	G	U
1	0.742366063976806	0.0581777369833999	0.0581777369833999	0.141278459156637
2	0.0345082646186025	0.0345082646186025	0.896475201416213	0.0345082646186025
3	0.0109308534433254	0.0109308534433254	0.967207439104606	0.0109308534433254
4	0.967207439104606	0.0109308534433254	0.0109308534433254	0.0109308534433254
5	0.0109308534433254	0.0109308534433254	0.0109308534433254	0.967207439104606
6	0.310913414147557	0.0109308534433254	0.480632010561457	0.197523721282244
7	0.608185248518451	0.0109308534433254	0.28109542448086	0.0997884729919465


Gene	RNCMPT00022
Motif	RNCMPT00022
Pos	A	C	G	U
1	0.268221312682607	0.0829313540793576	0.272138394820678	0.376708940945804
2	0.00960823913423693	0.00960823913423693	0.00960823913423693	0.971175286760165
3	0.971175286760165	0.00960823913423693	0.00960823913423693	0.00960823913423693
4	0.00960823913423693	0.00960823913423693	0.971175286760165	0.00960823913423693
5	0.00960823913423693	0.00960823913423693	0.971175286760165	0.00960823913423693
6	0.00960823913423693	0.00960823913423693	0.877684300946812	0.103099224947591
7	0.591091834175316	0.10395683684393	0.10395683684393	0.200994489206751


Gene	RNCMPT00023
Motif	RNCMPT00023
Pos	A	C	G	U
1	0.177970192173746	0.0861306541812456	0.26726181043746	0.468637347084201
2	0.0130996148949014	0.0130996148949014	0.0130996148949014	0.960701149831704
3	0.960701149831704	0.0130996148949014	0.0130996148949014	0.0130996148949014
4	0.0130996148949014	0.0130996148949014	0.960701149831704	0.0130996148949014
5	0.0130996148949014	0.0130996148949014	0.960701149831704	0.0130996148949014
6	0.0364714854774028	0.0364714854774028	0.799054936957703	0.128002090532653
7	0.452983499712739	0.0827790329891177	0.0827790329891177	0.381458429585513


Gene	RNCMPT00024
Motif	RNCMPT00024
Pos	A	C	G	U
1	0.293787072460145	0.10669127911739	0.294856998578936	0.304664654667863
2	0.0582383292763632	0.0582383292763632	0.0582383292763632	0.825285010553876
3	0.967610692986855	0.0107964367267484	0.0107964367267484	0.0107964367267484
4	0.0107964367267484	0.0107964367267484	0.967610692986855	0.0107964367267484
5	0.0107964367267484	0.0107964367267484	0.967610692986855	0.0107964367267484
6	0.0107964367267484	0.0107964367267484	0.967610692986855	0.0107964367267484
7	0.65932135338852	0.0823856706911844	0.0823856706911844	0.175907308208913


Gene	RNCMPT00025
Motif	RNCMPT00025
Pos	A	C	G	U
1	0.56581046380828	0.184580241664291	0.080343963638578	0.169265330645431
2	0.00615312633272871	0.00615312633272871	0.00615312633272871	0.981540621551337
3	0.00615312633272871	0.00615312633272871	0.00615312633272871	0.981540621551337
4	0.00615312633272871	0.00615312633272871	0.00615312633272871	0.981540621551337
5	0.00615312633272871	0.00615312633272871	0.00615312633272871	0.981540621551337
6	0.00615312633272871	0.00615312633272871	0.00615312633272871	0.981540621551337
7	0.0545680904020458	0.147523892443351	0.272217299111428	0.52569071776952


Gene	RNCMPT00026
Motif	RNCMPT00026
Pos	A	C	G	U
1	0.109804549527276	0.856031637939824	0.0170819044177939	0.0170819044177939
2	0.108255211143277	0.76485833121434	0.0170819044177939	0.109804549527276
3	0.856031637939824	0.0170819044177939	0.0170819044177939	0.109804549527276
4	0.593491811528232	0.0170819044177939	0.103135658222238	0.286290622134421
5	0.312760833839568	0.502420296283448	0.040993376028484	0.143825489481627
6	0.0642751501391216	0.807174542424277	0.0642751501391216	0.0642751501391216
7	0.0880498710944913	0.735850379141296	0.0880498710944913	0.0880498710944913


Gene	RNCMPT00027
Motif	RNCMPT00027
Pos	A	C	G	U
1	0.737562985257612	0.146785196267679	0.0578259110965854	0.0578259110965854
2	0.191432559536191	0.686074285555823	0.0111137710069721	0.111379381229144
3	0.966658684307214	0.0111137710069721	0.0111137710069721	0.0111137710069721
4	0.11028326236173	0.67147398224186	0.0111137710069721	0.207128981717569
5	0.88412827735981	0.0111137710069721	0.0111137710069721	0.0936441779543756
6	0.274028733615639	0.703743721698546	0.0111137710069721	0.0111137710069721
7	0.716364903447614	0.213975591094505	0.034829755217311	0.034829755217311


Gene	RNCMPT00028
Motif	RNCMPT00028
Pos	A	C	G	U
1	0.103589730205072	0.103589730205072	0.103589730205072	0.689230811325851
2	0.689230811325851	0.103589730205072	0.103589730205072	0.103589730205072
3	0.0560775389472636	0.0560775389472636	0.831767380378179	0.0560775389472636
4	0.00903778033488718	0.00903778033488718	0.972886655658861	0.00903778033488718
5	0.235015658883449	0.00903778033488718	0.13139497128589	0.624551586159294
6	0.267022842651382	0.00903778033488718	0.00903778033488718	0.714901593342363
7	0.739773976747232	0.0556272919331089	0.148971437557188	0.0556272919331089


Gene	RNCMPT00029
Motif	RNCMPT00029
Pos	A	C	G	U
1	0.165000637222873	0.0783157944913303	0.678367773738646	0.0783157944913303
2	0.00725119833303652	0.00725119833303652	0.870056965929541	0.115440636849693
3	0.00725119833303652	0.00725119833303652	0.00725119833303652	0.978246404446203
4	0.880735497772098	0.00725119833303652	0.00725119833303652	0.10476210500714
5	0.10476210500714	0.00725119833303652	0.880735497772098	0.00725119833303652
6	0.0315868638763345	0.0315868638763345	0.905239409617031	0.0315868638763345
7	0.079451639137596	0.079451639137596	0.761645083363528	0.079451639137596


Gene	RNCMPT00031
Motif	RNCMPT00031
Pos	A	C	G	U
1	0.00420602774332071	0.00420602774332071	0.00420602774332071	0.987381916463864
2	0.987381916463864	0.00420602774332071	0.00420602774332071	0.00420602774332071
3	0.00420602774332071	0.273316719744737	0.00420602774332071	0.718271224462448
4	0.484072108041353	0.00420602774332071	0.507515836165832	0.00420602774332071
5	0.00420602774332071	0.00420602774332071	0.00420602774332071	0.987381916463864
6	0.987381916463864	0.00420602774332071	0.00420602774332071	0.00420602774332071
7	0.292304275844845	0.173179877214121	0.435984246179743	0.0985316009613834


Gene	RNCMPT00032
Motif	RNCMPT00032
Pos	A	C	G	U
1	0.00647952351346512	0.00647952351346512	0.00647952351346512	0.980561431632273
2	0.00647952351346512	0.00647952351346512	0.00647952351346512	0.980561431632273
3	0.536437275324277	0.00647952351346512	0.177269807570215	0.279813395764714
4	0.0879178724305586	0.00647952351346512	0.185654273257177	0.719948332971471
5	0.00647952351346512	0.00647952351346512	0.00647952351346512	0.980561431632273
6	0.00647952351346512	0.00647952351346512	0.00647952351346512	0.980561431632273
7	0.0569500736473458	0.14372969379225	0.143649910538235	0.655670322989179


Gene	RNCMPT00033
Motif	RNCMPT00033
Pos	A	C	G	U
1	0.564544750782044	0.176611111265786	0.171979417647919	0.0868647226646405
2	0.399782829826952	0.5206986972781	0.0397592373599863	0.0397592373599863
3	0.951032580838079	0.0163224706475051	0.0163224706475051	0.0163224706475051
4	0.507026175490207	0.199209200887384	0.0163224706475051	0.277442145755497
5	0.596933445232028	0.109301931145564	0.0163224706475051	0.277442145755497
6	0.109301931145564	0.85805312034002	0.0163224706475051	0.0163224706475051
7	0.951032580838079	0.0163224706475051	0.0163224706475051	0.0163224706475051


Gene	RNCMPT00034
Motif	RNCMPT00034
Pos	A	C	G	U
1	0.212203224238528	0.129282764199032	0.529231249046511	0.129282764199032
2	0.96976571513663	0.0100780952609581	0.0100780952609581	0.0100780952609581
3	0.0100780952609581	0.0100780952609581	0.0100780952609581	0.96976571513663
4	0.96976571513663	0.0100780952609581	0.0100780952609581	0.0100780952609581
5	0.96976571513663	0.0100780952609581	0.0100780952609581	0.0100780952609581
6	0.96976571513663	0.0100780952609581	0.0100780952609581	0.0100780952609581
7	0.211219159369854	0.530113980770901	0.224001732798915	0.0346651229530925
8	0.233726327673742	0.314652487290389	0.320816953549209	0.130804231633577


Gene	RNCMPT00035
Motif	RNCMPT00035
Pos	A	C	G	U
1	0.254521270879444	0.080080982479541	0.153392054643943	0.512005694382449
2	0.0076712111535237	0.906457999363627	0.0076712111535237	0.0781995777372137
3	0.0781995777372137	0.0076712111535237	0.906457999363627	0.0076712111535237
4	0.0076712111535237	0.976986365947319	0.0076712111535237	0.0076712111535237
5	0.0076712111535237	0.0076712111535237	0.976986365947319	0.0076712111535237
6	0.0323284806053061	0.903014555126481	0.0323284806053061	0.0323284806053061
7	0.101046036693166	0.101046036693166	0.696861889512539	0.101046036693166


Gene	RNCMPT00036
Motif	RNCMPT00036
Pos	A	C	G	U
1	0.304005719239733	0.38739797531058	0.109358457066392	0.1992378419614
2	0.0392662279417396	0.0392662279417396	0.882201309138528	0.0392662279417396
3	0.0392662279417396	0.0392662279417396	0.882201309138528	0.0392662279417396
4	0.882201309138528	0.0392662279417396	0.0392662279417396	0.0392662279417396
5	0.0155160569156276	0.0155160569156276	0.953451834693837	0.0155160569156276
6	0.695453720462072	0.0392662279417396	0.0392662279417396	0.226013816618194
7	0.719902251897349	0.0625531467635553	0.15499146140642	0.0625531467635553


Gene	RNCMPT00037
Motif	RNCMPT00037
Pos	A	C	G	U
1	0.458380704689553	0.367197490310543	0.0872109044563551	0.0872109044563551
2	0.865132892167346	0.0171923089037042	0.0171923089037042	0.100482487992784
3	0.100653792821114	0.0171923089037042	0.0171923089037042	0.864961587339017
4	0.0171923089037042	0.948423071256426	0.0171923089037042	0.0171923089037042
5	0.0171923089037042	0.0171923089037042	0.0171923089037042	0.948423071256426
6	0.0171923089037042	0.0171923089037042	0.0171923089037042	0.948423071256426
7	0.17717267398699	0.0878821919687232	0.647062933613719	0.0878821919687232


Gene	RNCMPT00038
Motif	RNCMPT00038
Pos	A	C	G	U
1	0.315547835049928	0.190241985374528	0.212006636214348	0.282203544734165
2	0.00862191426430533	0.1184004903088	0.86435567860585	0.00862191426430533
3	0.00862191426430533	0.86435567860585	0.00862191426430533	0.1184004903088
4	0.00862191426430533	0.00862191426430533	0.00862191426430533	0.974134254650341
5	0.00862191426430533	0.00862191426430533	0.00862191426430533	0.974134254650341
6	0.115568019138569	0.0329498996799759	0.818532180692865	0.0329498996799759
7	0.0563862911776558	0.749437918287827	0.137789501585831	0.0563862911776558


Gene	RNCMPT00039
Motif	RNCMPT00039
Pos	A	C	G	U
1	0.430285328169302	0.131759208634787	0.131759208634787	0.306196254950568
2	0.00542896682798118	0.00542896682798118	0.00542896682798118	0.983713101626605
3	0.983713101626605	0.00542896682798118	0.00542896682798118	0.00542896682798118
4	0.983713101626605	0.00542896682798118	0.00542896682798118	0.00542896682798118
5	0.00542896682798118	0.00542896682798118	0.00542896682798118	0.983713101626605
6	0.983713101626605	0.00542896682798118	0.00542896682798118	0.00542896682798118
7	0.48400837031632	0.0520096781350867	0.0520096781350867	0.41197227505483
8	0.241252419506809	0.191759574507243	0.223329566761404	0.343658437686404


Gene	RNCMPT00040
Motif	RNCMPT00040
Pos	A	C	G	U
1	0.660616633976529	0.0820608020629914	0.0820608020629914	0.175261761133027
2	0.0322686340617958	0.0322686340617958	0.903194098020484	0.0322686340617958
3	0.00774780942310276	0.00774780942310276	0.00774780942310276	0.976756573989969
4	0.976756573989969	0.00774780942310276	0.00774780942310276	0.00774780942310276
5	0.00774780942310276	0.00774780942310276	0.976756573989969	0.00774780942310276
6	0.0956116884451417	0.00774780942310276	0.400652981118079	0.495987523272951
7	0.262539452666875	0.0793525388664719	0.180468924423524	0.477639081584509


Gene	RNCMPT00041
Motif	RNCMPT00041
Pos	A	C	G	U
1	0.0573908450322538	0.0573908450322538	0.0573908450322538	0.827827466201957
2	0.968267430564211	0.0105775239209646	0.0105775239209646	0.0105775239209646
3	0.0105775239209646	0.0105775239209646	0.968267430564211	0.0105775239209646
4	0.124088616708191	0.103802801091639	0.115982277003152	0.656126307524123
5	0.436631437390063	0.0105775239209646	0.0105775239209646	0.542213517095112
6	0.559228530097152	0.0340974027387246	0.372576666012112	0.0340974027387246
7	0.138156348988225	0.0569421741072173	0.747959299486104	0.0569421741072173


Gene	RNCMPT00042
Motif	RNCMPT00042
Pos	A	C	G	U
1	0.797255004476691	0.0385167607825748	0.125711468740622	0.0385167607825748
2	0.857682556071477	0.0153918872225341	0.111533671150842	0.0153918872225341
3	0.953824339999786	0.0153918872225341	0.0153918872225341	0.0153918872225341
4	0.872481366561528	0.0153918872225341	0.0967348606607903	0.0153918872225341
5	0.953824339999786	0.0153918872225341	0.0153918872225341	0.0153918872225341
6	0.784841026957293	0.0153918872225341	0.102402490210172	0.0973645972773882
7	0.252999406247193	0.135400235920147	0.571218024696545	0.0403823265334445


Gene	RNCMPT00043
Motif	RNCMPT00043
Pos	A	C	G	U
1	0.7784371010493	0.10307987171858	0.110525483304575	0.0079575404738413
2	0.790962791373655	0.103881309076795	0.0971983556220047	0.0079575404738413
3	0.976127375124768	0.0079575404738413	0.0079575404738413	0.0079575404738413
4	0.976127375124768	0.0079575404738413	0.0079575404738413	0.0079575404738413
5	0.976127375124768	0.0079575404738413	0.0079575404738413	0.0079575404738413
6	0.684736674794941	0.111016686846707	0.103752044986761	0.100494589917888
7	0.682707228581397	0.104799084116041	0.204536143375017	0.0079575404738413


Gene	RNCMPT00044
Motif	RNCMPT00044
Pos	A	C	G	U
1	0.046319513823871	0.779292093387599	0.046319513823871	0.128068869766166
2	0.024144469689902	0.763613049142094	0.024144469689902	0.188098000096267
3	0.024144469689902	0.311333882444892	0.024144469689902	0.640377166793469
4	0.105624137096151	0.311333882444892	0.024144469689902	0.558897499387218
5	0.108038612109826	0.734923404861957	0.024144469689902	0.132893501956478
6	0.024144469689902	0.927566579548458	0.024144469689902	0.024144469689902
7	0.157967068788357	0.625488077050551	0.0680608582803663	0.148483991353379


Gene	RNCMPT00045
Motif	RNCMPT00045
Pos	A	C	G	U
1	0.0869664872741963	0.360842894195759	0.465224124250878	0.0869664872741963
2	0.0185059653053864	0.572626211949122	0.297104793735792	0.111763023698642
3	0.0185059653053864	0.20589934215392	0.75708872192425	0.0185059653053864
4	0.0185059653053864	0.944482098772784	0.0185059653053864	0.0185059653053864
5	0.0185059653053864	0.109711416887259	0.853276647190911	0.0185059653053864
6	0.0185059653053864	0.856793687438998	0.106194376639172	0.0185059653053864
7	0.064957077214725	0.340097816109821	0.52998803647158	0.064957077214725


Gene	RNCMPT00046
Motif	RNCMPT00046
Pos	A	C	G	U
1	0.00346394742913858	0.00346394742913858	0.00346394742913858	0.989608158696647
2	0.00346394742913858	0.00346394742913858	0.989608158696647	0.00346394742913858
3	0.00346394742913858	0.00346394742913858	0.00346394742913858	0.989608158696647
4	0.989608158696647	0.00346394742913858	0.00346394742913858	0.00346394742913858
5	0.183345408144104	0.565190610620191	0.0655315907474171	0.18593239147235
6	0.989608158696647	0.00346394742913858	0.00346394742913858	0.00346394742913858
7	0.0917993560325941	0.0917993560325941	0.410145394567985	0.406255893298404


Gene	RNCMPT00047
Motif	RNCMPT00047
Pos	A	C	G	U
1	0.824349987340932	0.0585500035959731	0.0585500035959731	0.0585500035959731
2	0.0146857902481741	0.955942627034291	0.0146857902481741	0.0146857902481741
3	0.0146857902481741	0.0146857902481741	0.0146857902481741	0.955942627034291
4	0.955942627034291	0.0146857902481741	0.0146857902481741	0.0146857902481741
5	0.955942627034291	0.0146857902481741	0.0146857902481741	0.0146857902481741
6	0.0146857902481741	0.820842135003972	0.0146857902481741	0.149786282278493
7	0.411147838945707	0.304972072342184	0.173045744395095	0.110834350817173


Gene	RNCMPT00049
Motif	RNCMPT00049
Pos	A	C	G	U
1	0.0802122581797632	0.0802122581797632	0.759363224791154	0.0802122581797632
2	0.512927721783624	0.0355646809337071	0.0355646809337071	0.415942910609746
3	0.0122004118712643	0.0122004118712643	0.963398765469714	0.0122004118712643
4	0.0122004118712643	0.0122004118712643	0.0122004118712643	0.963398765469714
5	0.963398765469714	0.0122004118712643	0.0122004118712643	0.0122004118712643
6	0.0122004118712643	0.0122004118712643	0.963398765469714	0.0122004118712643
7	0.403106039194459	0.0846580151714892	0.163314535620475	0.348921410049221


Gene	RNCMPT00050
Motif	RNCMPT00050
Pos	A	C	G	U
1	0.169305997055016	0.0824047674715971	0.665884473058981	0.0824047674715971
2	0.719593993508974	0.0367687437588604	0.20686852549348	0.0367687437588604
3	0.184494469046595	0.0133316901580824	0.191715079000144	0.610458758785568
4	0.960004926516143	0.0133316901580824	0.0133316901580824	0.0133316901580824
5	0.191715079000144	0.781621537674081	0.0133316901580824	0.0133316901580824
6	0.125075037120515	0.0365470770429918	0.597009060218934	0.24136882568045
7	0.682840496763612	0.105719834126826	0.105719834126826	0.105719834126826


Gene	RNCMPT00051
Motif	RNCMPT00051
Pos	A	C	G	U
1	0.0782916134620316	0.0782916134620316	0.575322791344001	0.268093983595215
2	0.00573243430648915	0.00573243430648915	0.281233109559675	0.707302024675653
3	0.00573243430648915	0.00573243430648915	0.982802699928842	0.00573243430648915
4	0.00573243430648915	0.00573243430648915	0.0896825989751548	0.898852535260172
5	0.00573243430648915	0.00573243430648915	0.982802699928842	0.00573243430648915
6	0.00573243430648915	0.106400830546443	0.170013878151255	0.717852859844119
7	0.052483843781683	0.052483843781683	0.668519089416052	0.226513225131625


Gene	RNCMPT00052
Motif	RNCMPT00052
Pos	A	C	G	U
1	0.0547719353224411	0.0547719353224411	0.835684192517964	0.0547719353224411
2	0.00643115088969442	0.980706548549774	0.00643115088969442	0.00643115088969442
3	0.00643115088969442	0.00643115088969442	0.980706548549774	0.00643115088969442
4	0.00643115088969442	0.893047559738362	0.0940901397011093	0.00643115088969442
5	0.00643115088969442	0.0940901397011093	0.893047559738362	0.00643115088969442
6	0.00643115088969442	0.22171430864045	0.678504736348866	0.0933498053398482
7	0.0564697130878233	0.234661253699658	0.57065072017103	0.138218311454527


Gene	RNCMPT00053
Motif	RNCMPT00053
Pos	A	C	G	U
1	0.446003404503079	0.0566725164453121	0.0566725164453121	0.440651566392308
2	0.00901702888447405	0.00901702888447405	0.00901702888447405	0.972948908920515
3	0.972948908920515	0.00901702888447405	0.00901702888447405	0.00901702888447405
4	0.00901702888447405	0.972948908920515	0.00901702888447405	0.00901702888447405
5	0.58286539702691	0.00901702888447405	0.00901702888447405	0.399100540778078
6	0.00901702888447405	0.00901702888447405	0.00901702888447405	0.972948908920515
7	0.104460301246234	0.104460301246234	0.194732176924498	0.596347218686662


Gene	RNCMPT00054
Motif	RNCMPT00054
Pos	A	C	G	U
1	0.713699488133621	0.0355555534180339	0.21518940745973	0.0355555534180339
2	0.965895813424702	0.0113680604768995	0.0113680604768995	0.0113680604768995
3	0.0113680604768995	0.0113680604768995	0.0113680604768995	0.965895813424702
4	0.0113680604768995	0.597893530121252	0.379370343780351	0.0113680604768995
5	0.965895813424702	0.0113680604768995	0.0113680604768995	0.0113680604768995
6	0.603082770670403	0.0359046814182176	0.131204930574251	0.229807612361727
7	0.301563849153487	0.10922481151179	0.197022425598723	0.392188913915727


Gene	RNCMPT00055
Motif	RNCMPT00055
Pos	A	C	G	U
1	0.130306105130034	0.0387472411984711	0.792199408067195	0.0387472411984711
2	0.883758271998758	0.0387472411984711	0.0387472411984711	0.0387472411984711
3	0.701439429612401	0.0387472411984711	0.221066083584827	0.0387472411984711
4	0.0155360548721029	0.0155360548721029	0.953391841865799	0.0155360548721029
5	0.0155360548721029	0.0155360548721029	0.953391841865799	0.0155360548721029
6	0.62637701860711	0.0632800870880896	0.0632800870880896	0.247062814819581
7	0.577821738594511	0.110334447925345	0.201509366191116	0.110334447925345


Gene	RNCMPT00056
Motif	RNCMPT00056
Pos	A	C	G	U
1	0.194887459259023	0.11287264514794	0.579367260795829	0.11287264514794
2	0.020971104313817	0.669653480854894	0.020971104313817	0.28840431700041
3	0.020971104313817	0.0989011690249422	0.859156628830363	0.020971104313817
4	0.020971104313817	0.859156628830363	0.0989011690249422	0.020971104313817
5	0.020971104313817	0.0989011690249422	0.859156628830363	0.020971104313817
6	0.020971104313817	0.846311112655497	0.111746685199807	0.020971104313817
7	0.0666382930280382	0.157225475551184	0.61443434023537	0.161701901527663


Gene	RNCMPT00057
Motif	RNCMPT00057
Pos	A	C	G	U
1	0.582687365632857	0.202666001401069	0.107323318360732	0.107323318360732
2	0.0117134313700685	0.108039792523197	0.0117134313700685	0.868533344794977
3	0.964859705948105	0.0117134313700685	0.0117134313700685	0.0117134313700685
4	0.0117134313700685	0.0117134313700685	0.0117134313700685	0.964859705948105
5	0.964859705948105	0.0117134313700685	0.0117134313700685	0.0117134313700685
6	0.1043516992496	0.105547837608604	0.217822710215122	0.572277752984984
7	0.52478391012339	0.356883889079257	0.0591660992812212	0.0591660992812212


Gene	RNCMPT00058
Motif	RNCMPT00058
Pos	A	C	G	U
1	0.69288052651345	0.0343792333552597	0.0343792333552597	0.238361007705729
2	0.0106054833785244	0.9681835524885	0.0106054833785244	0.0106054833785244
3	0.9681835524885	0.0106054833785244	0.0106054833785244	0.0106054833785244
4	0.9681835524885	0.0106054833785244	0.0106054833785244	0.0106054833785244
5	0.0106054833785244	0.9681835524885	0.0106054833785244	0.0106054833785244
6	0.326700440535904	0.0342729169418406	0.604753730778475	0.0342729169418406
7	0.483254128968136	0.107242309936264	0.302261249915419	0.107242309936264


Gene	RNCMPT00059
Motif	RNCMPT00059
Pos	A	C	G	U
1	0.663172793071858	0.11227573793591	0.11227573793591	0.11227573793591
2	0.0162583562057243	0.0162583562057243	0.951224926848141	0.0162583562057243
3	0.951224926848141	0.0162583562057243	0.0162583562057243	0.0162583562057243
4	0.951224926848141	0.0162583562057243	0.0162583562057243	0.0162583562057243
5	0.107369811454609	0.0162583562057243	0.860113471599256	0.0162583562057243
6	0.225367825496046	0.130039935269671	0.605173127485427	0.0394191041561699
7	0.274239869746758	0.554483405995585	0.0856383633385208	0.0856383633385208


Gene	RNCMPT00060
Motif	RNCMPT00060
Pos	A	C	G	U
1	0.809358666495227	0.0635471093263944	0.0635471093263944	0.0635471093263944
2	0.0408712773228446	0.0408712773228446	0.877386170948327	0.0408712773228446
3	0.946463320596188	0.0178455579033568	0.0178455579033568	0.0178455579033568
4	0.0178455579033568	0.110268718771866	0.661700824894111	0.210184892736926
5	0.852395351974777	0.0178455579033568	0.111913526524767	0.0178455579033568
6	0.673762748415386	0.0178455579033568	0.290546130084159	0.0178455579033568
7	0.334687734035548	0.0408935944199873	0.498577173504461	0.12584150078367


Gene	RNCMPT00061
Motif	RNCMPT00061
Pos	A	C	G	U
1	0.757655776225923	0.0807814092184099	0.0807814092184099	0.0807814092184099
2	0.00911948873957449	0.972641531719926	0.00911948873957449	0.00911948873957449
3	0.00911948873957449	0.00911948873957449	0.972641531719926	0.00911948873957449
4	0.972641531719926	0.00911948873957449	0.00911948873957449	0.00911948873957449
5	0.00911948873957449	0.972641531719926	0.00911948873957449	0.00911948873957449
6	0.00911948873957449	0.00911948873957449	0.972641531719926	0.00911948873957449
7	0.513730297582135	0.189581019200175	0.193587267987409	0.103101411939999


Gene	RNCMPT00062
Motif	RNCMPT00062
Pos	A	C	G	U
1	0.0128309878415869	0.0128309878415869	0.0128309878415869	0.961507033265198
2	0.961507033265198	0.0128309878415869	0.0128309878415869	0.0128309878415869
3	0.961507033265198	0.0128309878415869	0.0128309878415869	0.0128309878415869
4	0.870529975104672	0.0128309878415869	0.0128309878415869	0.103808046002113
5	0.891448733086741	0.0361837561504435	0.0361837561504435	0.0361837561504435
6	0.146749597169589	0.151684195402441	0.641544197520194	0.0600220091127004
7	0.197361026390237	0.211451922124285	0.481922962920648	0.109264085267187


Gene	RNCMPT00063
Motif	RNCMPT00063
Pos	A	C	G	U
1	0.00613877521514197	0.00613877521514197	0.981583671321393	0.00613877521514197
2	0.00613877521514197	0.981583671321393	0.00613877521514197	0.00613877521514197
3	0.100156220736093	0.00613877521514197	0.272747551674364	0.620957449341219
4	0.00613877521514197	0.00613877521514197	0.981583671321393	0.00613877521514197
5	0.00613877521514197	0.00613877521514197	0.981583671321393	0.00613877521514197
6	0.38969380851719	0.368338726115165	0.105647410277269	0.136320057384331
7	0.189287969587	0.61030959582	0.100201216755256	0.100201216755256


Gene	RNCMPT00064
Motif	RNCMPT00064
Pos	A	C	G	U
1	0.757020210373493	0.0809932638995346	0.0809932638995346	0.0809932638995346
2	0.327083213502225	0.123145388733561	0.516828233031373	0.0329431610349821
3	0.973795858185309	0.00873471488222294	0.00873471488222294	0.00873471488222294
4	0.973795858185309	0.00873471488222294	0.00873471488222294	0.00873471488222294
5	0.973795858185309	0.00873471488222294	0.00873471488222294	0.00873471488222294
6	0.772119715626907	0.120614436205739	0.0985311361171097	0.00873471488222294
7	0.687405478522006	0.203937122894097	0.00873471488222294	0.0999226865336534


Gene	RNCMPT00065
Motif	RNCMPT00065
Pos	A	C	G	U
1	0.897762456565922	0.0340791797681309	0.0340791797681309	0.0340791797681309
2	0.0998969405518814	0.879450070123509	0.0103264922937932	0.0103264922937932
3	0.0103264922937932	0.0103264922937932	0.0103264922937932	0.969020518381597
4	0.969020518381597	0.0103264922937932	0.0103264922937932	0.0103264922937932
5	0.969020518381597	0.0103264922937932	0.0103264922937932	0.0103264922937932
6	0.057652384118409	0.49422493588684	0.057652384118409	0.390470297563047
7	0.309060386638487	0.286293761280884	0.297677073959687	0.106968773289638


Gene	RNCMPT00066
Motif	RNCMPT00066
Pos	A	C	G	U
1	0.387315411251942	0.105495737653788	0.301408506270851	0.205780347102979
2	0.00689224787183755	0.00689224787183755	0.979323256391077	0.00689224787183755
3	0.20027868160936	0.00689224787183755	0.785936822653551	0.00689224787183755
4	0.785936822653551	0.0965705334017851	0.00689224787183755	0.110600396079412
5	0.00689224787183755	0.00689224787183755	0.979323256391077	0.00689224787183755
6	0.00689224787183755	0.00689224787183755	0.979323256391077	0.00689224787183755
7	0.721653983705084	0.0308504872646723	0.216645043974995	0.0308504872646723


Gene	RNCMPT00067
Motif	RNCMPT00067
Pos	A	C	G	U
1	0.0830920804931059	0.0830920804931059	0.661491291224201	0.172324547975156
2	0.0372773532630052	0.0372773532630052	0.888167943149015	0.0372773532630052
3	0.546572640561007	0.0140739705939021	0.425279415406822	0.0140739705939021
4	0.5035299418691	0.110571994889856	0.0140739705939021	0.371824089802775
5	0.0140739705939021	0.0140739705939021	0.957778085373927	0.0140739705939021
6	0.0915673394697202	0.242353562714828	0.652005124377184	0.0140739705939021
7	0.690610207449128	0.232382661459849	0.0385035636805216	0.0385035636805216


Gene	RNCMPT00068
Motif	RNCMPT00068
Pos	A	C	G	U
1	0.743596490540397	0.0854678364492981	0.0854678364492981	0.0854678364492981
2	0.015236411513047	0.015236411513047	0.015236411513047	0.954290763013157
3	0.954290763013157	0.015236411513047	0.015236411513047	0.015236411513047
4	0.202743438544797	0.015236411513047	0.015236411513047	0.766783735981407
5	0.103166262387033	0.015236411513047	0.106626699609025	0.774970624043193
6	0.583876558427672	0.015236411513047	0.015236411513047	0.385650616098532
7	0.61635914388424	0.0621938538772526	0.169459661498768	0.151987346223189


Gene	RNCMPT00069
Motif	RNCMPT00069
Pos	A	C	G	U
1	0.832755677219523	0.0557481076593403	0.0557481076593403	0.0557481076593403
2	0.00861273290067844	0.600364370518937	0.198137910673678	0.192884984620541
3	0.9741618000118	0.00861273290067844	0.00861273290067844	0.00861273290067844
4	0.00861273290067844	0.9741618000118	0.00861273290067844	0.00861273290067844
5	0.875897260423205	0.00861273290067844	0.10687727248927	0.00861273290067844
6	0.10687727248927	0.786679426815019	0.0978305665088671	0.00861273290067844
7	0.636866440916627	0.15418208812774	0.15241792268362	0.0565335516736682


Gene	RNCMPT00070
Motif	RNCMPT00070
Pos	A	C	G	U
1	0.289450300008101	0.105282517644003	0.499984661806897	0.105282517644003
2	0.616181867785918	0.035201798246505	0.035201798246505	0.313414531801062
3	0.0116830266815328	0.0116830266815328	0.0116830266815328	0.964950925676011
4	0.0116830266815328	0.964950925676011	0.0116830266815328	0.0116830266815328
5	0.964950925676011	0.0116830266815328	0.0116830266815328	0.0116830266815328
6	0.964950925676011	0.0116830266815328	0.0116830266815328	0.0116830266815328
7	0.129134650451688	0.0358758509748428	0.799113642056098	0.0358758509748428


Gene	RNCMPT00071
Motif	RNCMPT00071
Pos	A	C	G	U
1	0.264248555368382	0.0803544562859874	0.0803544562859874	0.575042528672807
2	0.192828348938255	0.0088111986316702	0.0088111986316702	0.789549256168819
3	0.0088111986316702	0.0088111986316702	0.973566406475404	0.0088111986316702
4	0.0088111986316702	0.973566406475404	0.0088111986316702	0.0088111986316702
5	0.973566406475404	0.0088111986316702	0.0088111986316702	0.0088111986316702
6	0.0088111986316702	0.973566406475404	0.0088111986316702	0.0088111986316702
7	0.626482796661044	0.0574420938189306	0.258633011442952	0.0574420938189306


Gene	RNCMPT00072
Motif	RNCMPT00072
Pos	A	C	G	U
1	0.607397525564136	0.130867491829291	0.130867491829291	0.130867491829291
2	0.0164197322293056	0.0164197322293056	0.950740800258744	0.0164197322293056
3	0.0164197322293056	0.0164197322293056	0.950740800258744	0.0164197322293056
4	0.85971495944523	0.0164197322293056	0.0164197322293056	0.10744557304282
5	0.0164197322293056	0.0164197322293056	0.950740800258744	0.0164197322293056
6	0.582607237810568	0.0164197322293056	0.10519340290493	0.295779624001857
7	0.304847572188622	0.0164197322293056	0.389709578940544	0.289023113588187
8	0.320765806805383	0.135637619297764	0.407958947290758	0.135637619297764


Gene	RNCMPT00073
Motif	RNCMPT00073
Pos	A	C	G	U
1	0.203253094215648	0.126506578204249	0.543733751829296	0.126506578204249
2	0.770738546819589	0.076420483561973	0.076420483561973	0.076420483561973
3	0.00852837899556795	0.97441485920865	0.00852837899556795	0.00852837899556795
4	0.00852837899556795	0.00852837899556795	0.97441485920865	0.00852837899556795
5	0.97441485920865	0.00852837899556795	0.00852837899556795	0.00852837899556795
6	0.00852837899556795	0.97441485920865	0.00852837899556795	0.00852837899556795
7	0.152686398834125	0.0571645056272888	0.732984592797132	0.0571645056272888
8	0.340376555938508	0.132144701693306	0.395334039051656	0.132144701693306


Gene	RNCMPT00074
Motif	RNCMPT00074
Pos	A	C	G	U
1	0.884672315346734	0.0384425633893717	0.0384425633893717	0.0384425633893717
2	0.10058950956679	0.0150743579638745	0.68209638168666	0.202239755216509
3	0.101696819942551	0.0150743579638745	0.868154468563533	0.0150743579638745
4	0.782639316960617	0.0150743579638745	0.10058950956679	0.101696819942551
5	0.195200424970599	0.207539026300508	0.49643376280113	0.100826790361596
6	0.294161488279185	0.675689800226899	0.0150743579638745	0.0150743579638745
7	0.645465947259644	0.0861537456618248	0.182226566276379	0.0861537456618248


Gene	RNCMPT00075
Motif	RNCMPT00075
Pos	A	C	G	U
1	0.199424614721753	0.575804567268075	0.112385411830917	0.112385411830917
2	0.213060514297798	0.112385411830917	0.56216866769203	0.112385411830917
3	0.866619154617786	0.0444602789390008	0.0444602789390008	0.0444602789390008
4	0.0217296766083052	0.0217296766083052	0.0217296766083052	0.934810973285192
5	0.934810973285192	0.0217296766083052	0.0217296766083052	0.0217296766083052
6	0.0676404753354623	0.707759806226912	0.0676404753354623	0.156959250407058
7	0.0903433244793605	0.0903433244793605	0.0903433244793605	0.7289700254379


Gene	RNCMPT00076
Motif	RNCMPT00076
Pos	A	C	G	U
1	0.323700271419175	0.129601294234235	0.222720113745929	0.323978325180516
2	0.010278288780035	0.010278288780035	0.969165130453199	0.010278288780035
3	0.782535336692567	0.010278288780035	0.108149347573729	0.0990370237469724
4	0.969165130453199	0.010278288780035	0.010278288780035	0.010278288780035
5	0.010278288780035	0.010278288780035	0.010278288780035	0.969165130453199
6	0.010278288780035	0.010278288780035	0.969165130453199	0.010278288780035
7	0.63731459035423	0.058421634695811	0.148502516294399	0.155761259549747
8	0.310646439026569	0.130681477886001	0.334146647175505	0.2245254351749


Gene	RNCMPT00077
Motif	RNCMPT00077
Pos	A	C	G	U
1	0.150245179456345	0.0619631097230269	0.0619631097230269	0.725828602003303
2	0.0148012128291407	0.0148012128291407	0.0148012128291407	0.955596358807824
3	0.0148012128291407	0.0148012128291407	0.0148012128291407	0.955596358807824
4	0.0148012128291407	0.0148012128291407	0.0148012128291407	0.955596358807824
5	0.0148012128291407	0.0148012128291407	0.0148012128291407	0.955596358807824
6	0.0148012128291407	0.206828780607553	0.204773290079973	0.573596713778579
7	0.0842994180014102	0.0842994180014102	0.566466532420563	0.264934626698853


Gene	RNCMPT00078
Motif	RNCMPT00078
Pos	A	C	G	U
1	0.167883971917127	0.16433724662083	0.584462442874762	0.0833163444645208
2	0.889998787213576	0.0366670730387993	0.0366670730387993	0.0366670730387993
3	0.771223904783394	0.0133549266471305	0.202066242478973	0.0133549266471305
4	0.0133549266471305	0.202066242478973	0.771223904783394	0.0133549266471305
5	0.959935220615237	0.0133549266471305	0.0133549266471305	0.0133549266471305
6	0.959935220615237	0.0133549266471305	0.0133549266471305	0.0133549266471305
7	0.14603485627241	0.152816876316617	0.552303723388975	0.148844550290724


Gene	RNCMPT00079
Motif	RNCMPT00079
Pos	A	C	G	U
1	0.134653715333477	0.130355700786008	0.0534142563094468	0.681576325475596
2	0.00575932442110899	0.00575932442110899	0.00575932442110899	0.982722029586617
3	0.00575932442110899	0.00575932442110899	0.00575932442110899	0.982722029586617
4	0.00575932442110899	0.00575932442110899	0.00575932442110899	0.982722029586617
5	0.00575932442110899	0.0980410203842298	0.00575932442110899	0.890440333623496
6	0.00575932442110899	0.327792013557418	0.00575932442110899	0.660689340450305
7	0.0529684847636527	0.717499156470496	0.0529684847636527	0.176563873547152


Gene	RNCMPT00080
Motif	RNCMPT00080
Pos	A	C	G	U
1	0.121621519159828	0.131334387257883	0.053033484273035	0.694010606634789
2	0.00757788839760344	0.00757788839760344	0.00757788839760344	0.977266337552181
3	0.00757788839760344	0.00757788839760344	0.00757788839760344	0.977266337552181
4	0.00757788839760344	0.00757788839760344	0.00757788839760344	0.977266337552181
5	0.00757788839760344	0.174909139452995	0.00757788839760344	0.809935086496792
6	0.00757788839760344	0.281986843843568	0.00757788839760344	0.702857382106218
7	0.0997295664524362	0.506920936974146	0.0997295664524362	0.293619931784842


Gene	RNCMPT00081
Motif	RNCMPT00081
Pos	A	C	G	U
1	0.0328949949438103	0.0328949949438103	0.110439713317493	0.823770296755564
2	0.120155760980245	0.0328949949438103	0.736509530719129	0.110439713317493
3	0.00928038287147575	0.00928038287147575	0.00928038287147575	0.972158854139833
4	0.093880950088104	0.00928038287147575	0.0928381080311065	0.804000561763573
5	0.00928038287147575	0.00928038287147575	0.874690360827038	0.106748876184269
6	0.00928038287147575	0.00928038287147575	0.106748876184269	0.874690360827038
7	0.168134006494198	0.0588521159600198	0.614269790967741	0.15874408552863


Gene	RNCMPT00082
Motif	RNCMPT00082
Pos	A	C	G	U
1	0.143281983509847	0.239832570448346	0.228688389644591	0.388197056792568
2	0.00431096746507681	0.00431096746507681	0.987067096915157	0.00431096746507681
3	0.00431096746507681	0.987067096915157	0.00431096746507681	0.00431096746507681
4	0.176482893623931	0.00431096746507681	0.00431096746507681	0.814895170756305
5	0.00431096746507681	0.00431096746507681	0.987067096915157	0.00431096746507681
6	0.00431096746507681	0.00431096746507681	0.987067096915157	0.00431096746507681
7	0.144333479534891	0.661955467496602	0.0279730141237284	0.165738037977125
8	0.114291846490562	0.586361224354531	0.185055081109288	0.114291846490562


Gene	RNCMPT00083
Motif	RNCMPT00083
Pos	A	C	G	U
1	0.97986256700864	0.00671247789631372	0.00671247789631372	0.00671247789631372
2	0.829912227345672	0.156662817559278	0.00671247789631372	0.00671247789631372
3	0.00671247789631372	0.97986256700864	0.00671247789631372	0.00671247789631372
4	0.97986256700864	0.00671247789631372	0.00671247789631372	0.00671247789631372
5	0.0772643138116462	0.133262691177024	0.00671247789631372	0.782760517812594
6	0.00671247789631372	0.97986256700864	0.00671247789631372	0.00671247789631372
7	0.492456365143676	0.153979898203796	0.171614806337828	0.181948931706103


Gene	RNCMPT00084
Motif	RNCMPT00084
Pos	A	C	G	U
1	0.881092803283992	0.00966555329802597	0.099576091066395	0.00966555329802597
2	0.881092803283992	0.00966555329802597	0.099576091066395	0.00966555329802597
3	0.00966555329802597	0.881092803283992	0.099576091066395	0.00966555329802597
4	0.971003341052362	0.00966555329802597	0.00966555329802597	0.00966555329802597
5	0.497567600100071	0.00966555329802597	0.099576091066395	0.393190756481947
6	0.00966555329802597	0.971003341052362	0.00966555329802597	0.00966555329802597
7	0.328968086348239	0.105498416396872	0.271539616724664	0.293993876174639


Gene	RNCMPT00085
Motif	RNCMPT00085
Pos	A	C	G	U
1	0.0992135281373629	0.27347099480322	0.528101949686059	0.0992135281373629
2	0.135667375608708	0.572736649256284	0.237931945223168	0.0536640282546863
3	0.82128227785838	0.118722133426168	0.0299977930623292	0.0299977930623292
4	0.00587389698273713	0.00587389698273713	0.982378308905217	0.00587389698273713
5	0.00587389698273713	0.982378308905217	0.00587389698273713	0.00587389698273713
6	0.0306711405156993	0.0306711405156993	0.907986581424143	0.0306711405156993
7	0.21688422060437	0.564326912258773	0.109394432391795	0.109394432391795


Gene	RNCMPT00086
Motif	RNCMPT00086
Pos	A	C	G	U
1	0.0175191275586598	0.0175191275586598	0.101851937555022	0.863109809075605
2	0.0175191275586598	0.0175191275586598	0.0175191275586598	0.947442619071967
3	0.111033368578705	0.0175191275586598	0.115479114127015	0.755968391483567
4	0.202324736824596	0.114995880915242	0.477455247912876	0.205224136095233
5	0.0175191275586598	0.0175191275586598	0.190050613245566	0.774911133385061
6	0.0175191275586598	0.0175191275586598	0.111709895075187	0.853251851555439
7	0.0405883382161656	0.0405883382161656	0.0405883382161656	0.878234979805731


Gene	RNCMPT00087
Motif	RNCMPT00087
Pos	A	C	G	U
1	0.12362654152578	0.12362654152578	0.629120372019251	0.12362654152578
2	0.63622367622182	0.031995773301613	0.213909974746687	0.117870572332418
3	0.492981204434788	0.302090611776618	0.00803581427420333	0.196892370229056
4	0.00803581427420333	0.00803581427420333	0.00803581427420333	0.975892557892055
5	0.00803581427420333	0.00803581427420333	0.00803581427420333	0.975892557892055
6	0.975892557892055	0.00803581427420333	0.00803581427420333	0.00803581427420333
7	0.975892557892055	0.00803581427420333	0.00803581427420333	0.00803581427420333
8	0.134900949907436	0.134900949907436	0.414188879296682	0.316009217694507


Gene	RNCMPT00088
Motif	RNCMPT00088
Pos	A	C	G	U
1	0.883916226490539	0.0978114800049842	0.00913614513548602	0.00913614513548602
2	0.285324025457105	0.00913614513548602	0.696403681038419	0.00913614513548602
3	0.890193241996951	0.00913614513548602	0.0915344644985725	0.00913614513548602
4	0.100490693940648	0.00913614513548602	0.881237012554875	0.00913614513548602
5	0.696403681038419	0.00913614513548602	0.285324025457105	0.00913614513548602
6	0.300576407647989	0.116336330645858	0.573951113337162	0.00913614513548602
7	0.326935059626775	0.145171417722364	0.494835977834618	0.0330575405590697


Gene	RNCMPT00089
Motif	RNCMPT00089
Pos	A	C	G	U
1	0.90276845135899	0.0324105164148585	0.0324105164148585	0.0324105164148585
2	0.180600033310772	0.00802618984271389	0.803347585638674	0.00802618984271389
3	0.975921429106732	0.00802618984271389	0.00802618984271389	0.00802618984271389
4	0.0966873700510825	0.00802618984271389	0.887260248898367	0.00802618984271389
5	0.88265139421288	0.00802618984271389	0.101296224736565	0.00802618984271389
6	0.507476320689529	0.102832509631726	0.381664978470906	0.00802618984271389
7	0.514301045545382	0.141181048675074	0.312848105256227	0.0316698017686902


Gene	RNCMPT00090
Motif	RNCMPT00090
Pos	A	C	G	U
1	0.907615942809972	0.0307946867034003	0.0307946867034003	0.0307946867034003
2	0.00680539940661136	0.00680539940661136	0.979583800478626	0.00680539940661136
3	0.979583800478626	0.00680539940661136	0.00680539940661136	0.00680539940661136
4	0.0812995256756354	0.00680539940661136	0.905089674209599	0.00680539940661136
5	0.979583800478626	0.00680539940661136	0.00680539940661136	0.00680539940661136
6	0.531303420531282	0.285003653646033	0.176887525114532	0.00680539940661136
7	0.520756483946346	0.219657975133003	0.17321649193856	0.0863690476805494


Gene	RNCMPT00091
Motif	RNCMPT00091
Pos	A	C	G	U
1	0.941251689404914	0.0195827683623066	0.0195827683623066	0.0195827683623066
2	0.0195827683623066	0.941251689404914	0.0195827683623066	0.0195827683623066
3	0.941251689404914	0.0195827683623066	0.0195827683623066	0.0195827683623066
4	0.112324900353683	0.848509557413538	0.0195827683623066	0.0195827683623066
5	0.477098537227176	0.112324900353683	0.390993788548669	0.0195827683623066
6	0.763400416231963	0.107125616758601	0.109891193138963	0.0195827683623066
7	0.36142408371539	0.270885602322978	0.277204641472513	0.0904856794470277


Gene	RNCMPT00093
Motif	RNCMPT00093
Pos	A	C	G	U
1	0.0778702593162511	0.0778702593162511	0.0778702593162511	0.766389224295159
2	0.766389224295159	0.0778702593162511	0.0778702593162511	0.0778702593162511
3	0.138763849604612	0.0543913617668631	0.752453430136835	0.0543913617668631
4	0.0080134109882007	0.0080134109882007	0.975959768331856	0.0080134109882007
5	0.251190481007576	0.0870075043995776	0.131114095511117	0.530687920378186
6	0.191908867347344	0.0080134109882007	0.0080134109882007	0.792064311972711
7	0.721718331135715	0.0319537140677494	0.214374242929294	0.0319537140677494


Gene	RNCMPT00094
Motif	RNCMPT00094
Pos	A	C	G	U
1	0.100915625486581	0.100915625486581	0.697253126491812	0.100915625486581
2	0.0568449260859595	0.0568449260859595	0.63778884935261	0.248521296661786
3	0.0103458266363073	0.0103458266363073	0.0103458266363073	0.968962523230816
4	0.853749466791868	0.0103458266363073	0.0103458266363073	0.125558883075255
5	0.125558883075255	0.0103458266363073	0.853749466791868	0.0103458266363073
6	0.0350196995192017	0.0350196995192017	0.894940906704052	0.0350196995192017
7	0.0831599862212261	0.0831599862212261	0.664900566272167	0.168779464872259


Gene	RNCMPT00095
Motif	RNCMPT00095
Pos	A	C	G	U
1	0.155514320934857	0.0777418599129513	0.689001961560396	0.0777418599129513
2	0.00575754872501214	0.00575754872501214	0.866610217429993	0.121874687558926
3	0.00575754872501214	0.00575754872501214	0.00575754872501214	0.982727356263907
4	0.888479906144091	0.00575754872501214	0.00575754872501214	0.100004998844829
5	0.100004998844829	0.00575754872501214	0.888479906144091	0.00575754872501214
6	0.0298544961398879	0.0298544961398879	0.910436513264652	0.0298544961398879
7	0.0772814152684582	0.0772814152684582	0.768155752871429	0.0772814152684582


Gene	RNCMPT00096
Motif	RNCMPT00096
Pos	A	C	G	U
1	0.186898926051205	0.100217794629868	0.612665482682072	0.100217794629868
2	0.0283191185239991	0.0283191185239991	0.811254406316241	0.132107356290069
3	0.00450695890905959	0.00450695890905959	0.00450695890905959	0.986479122662484
4	0.907336899708874	0.00450695890905959	0.00450695890905959	0.0836491818626719
5	0.0836491818626719	0.00450695890905959	0.907336899708874	0.00450695890905959
6	0.0292390018366642	0.0292390018366642	0.912282993619109	0.0292390018366642
7	0.0543220640136055	0.0543220640136055	0.837033807831982	0.0543220640136055


Gene	RNCMPT00097
Motif	RNCMPT00097
Pos	A	C	G	U
1	0.209821692258519	0.105876175227503	0.274772070513143	0.409530060213674
2	0.00629035803290012	0.981128927322876	0.00629035803290012	0.00629035803290012
3	0.00629035803290012	0.00629035803290012	0.981128927322876	0.00629035803290012
4	0.00629035803290012	0.83702889539212	0.150390389963655	0.00629035803290012
5	0.00629035803290012	0.00629035803290012	0.981128927322876	0.00629035803290012
6	0.0301774779404949	0.763928879992786	0.108504000846633	0.0973896418619058
7	0.0301774779404949	0.108504000846633	0.8311410439142	0.0301774779404949


Gene	RNCMPT00099
Motif	RNCMPT00099
Pos	A	C	G	U
1	0.751590219009039	0.0828032614095957	0.0828032614095957	0.0828032614095957
2	0.0330837340367627	0.0330837340367627	0.900748801621739	0.0330837340367627
3	0.00833171392586994	0.00833171392586994	0.00833171392586994	0.975004856355786
4	0.975004856355786	0.00833171392586994	0.00833171392586994	0.00833171392586994
5	0.00833171392586994	0.00833171392586994	0.975004856355786	0.00833171392586994
6	0.12647483258121	0.0321830869842833	0.42977578092097	0.411566300422648
7	0.259325672135747	0.0789716039539705	0.168765195016536	0.492937529442943


Gene	RNCMPT00100
Motif	RNCMPT00100
Pos	A	C	G	U
1	0.685372376133139	0.104875875591764	0.104875875591764	0.104875875591764
2	0.0335314351185156	0.0335314351185156	0.899405693782258	0.0335314351185156
3	0.00924753526829624	0.00924753526829624	0.00924753526829624	0.97225739379743
4	0.97225739379743	0.00924753526829624	0.00924753526829624	0.00924753526829624
5	0.00924753526829624	0.00924753526829624	0.97225739379743	0.00924753526829624
6	0.125056951534405	0.0332150383440241	0.712670675206228	0.129057336052225
7	0.187868192112503	0.0807767373584987	0.548931227660741	0.182423841572974


Gene	RNCMPT00101
Motif	RNCMPT00101
Pos	A	C	G	U
1	0.00452161562191429	0.00452161562191429	0.00452161562191429	0.98643515326452
2	0.00452161562191429	0.00452161562191429	0.98643515326452	0.00452161562191429
3	0.00452161562191429	0.00452161562191429	0.00452161562191429	0.98643515326452
4	0.98643515326452	0.00452161562191429	0.00452161562191429	0.00452161562191429
5	0.237831329776797	0.570591103929389	0.0694680305322832	0.122109535891793
6	0.98643515326452	0.00452161562191429	0.00452161562191429	0.00452161562191429
7	0.0968727977606325	0.0968727977606325	0.455645420609172	0.350608983763122


Gene	RNCMPT00102
Motif	RNCMPT00102
Pos	A	C	G	U
1	0.00840053248287238	0.00840053248287238	0.00840053248287238	0.974798402710077
2	0.00840053248287238	0.00840053248287238	0.974798402710077	0.00840053248287238
3	0.00840053248287238	0.00840053248287238	0.00840053248287238	0.974798402710077
4	0.974798402710077	0.00840053248287238	0.00840053248287238	0.00840053248287238
5	0.0906398411419586	0.565045114484495	0.0612936547216357	0.283021389810602
6	0.974798402710077	0.00840053248287238	0.00840053248287238	0.00840053248287238
7	0.0945728433050756	0.0945728433050756	0.437142472082549	0.373711841752717


Gene	RNCMPT00103
Motif	RNCMPT00103
Pos	A	C	G	U
1	0.00485402999821605	0.00485402999821605	0.00485402999821605	0.985437910116276
2	0.00485402999821605	0.00485402999821605	0.985437910116276	0.00485402999821605
3	0.00485402999821605	0.00485402999821605	0.00485402999821605	0.985437910116276
4	0.985437910116276	0.00485402999821605	0.00485402999821605	0.00485402999821605
5	0.508925566275392	0.376992181596303	0.00485402999821605	0.109228222241011
6	0.60169479855361	0.0514230142433938	0.213556979754813	0.133325207547692
7	0.0965629792229204	0.0965629792229204	0.360972719315262	0.445901320445929


Gene	RNCMPT00104
Motif	RNCMPT00104
Pos	A	C	G	U
1	0.00532654892926832	0.00532654892926832	0.00532654892926832	0.984020355612855
2	0.00532654892926832	0.00532654892926832	0.984020355612855	0.00532654892926832
3	0.00532654892926832	0.00532654892926832	0.00532654892926832	0.984020355612855
4	0.984020355612855	0.00532654892926832	0.00532654892926832	0.00532654892926832
5	0.490412049605043	0.404247756329616	0.00532654892926832	0.100013647536734
6	0.673455273144498	0.0515738524030351	0.13470839732293	0.140262476581875
7	0.0963701262022087	0.0963701262022087	0.355212010711824	0.452047738640522


Gene	RNCMPT00105
Motif	RNCMPT00105
Pos	A	C	G	U
1	0.0414041836125093	0.0414041836125093	0.0414041836125093	0.875787449874985
2	0.0191628619443038	0.0191628619443038	0.942511404964335	0.0191628619443038
3	0.0191628619443038	0.0191628619443038	0.0191628619443038	0.942511404964335
4	0.942511404964335	0.0191628619443038	0.0191628619443038	0.0191628619443038
5	0.568835210366727	0.0987753732010476	0.0911521316958989	0.241237275533573
6	0.235708841315798	0.0638992408272623	0.160988424721921	0.539403485944652
7	0.0870673571105554	0.0870673571105554	0.0870673571105554	0.738797919622968


Gene	RNCMPT00106
Motif	RNCMPT00106
Pos	A	C	G	U
1	0.0330064741348171	0.0330064741348171	0.900980581181854	0.0330064741348171
2	0.263594053569917	0.00945149550162688	0.717502956598235	0.00945149550162688
3	0.890570775745253	0.00945149550162688	0.00945149550162688	0.0905262344228984
4	0.00945149550162688	0.103967999019798	0.762919910171658	0.123660596478323
5	0.00945149550162688	0.00945149550162688	0.971645514666528	0.00945149550162688
6	0.762919910171658	0.00945149550162688	0.218177099996493	0.00945149550162688
7	0.293264286431909	0.373622512763058	0.172299786514308	0.160813417021854


Gene	RNCMPT00107
Motif	RNCMPT00107
Pos	A	C	G	U
1	0.00965532451511902	0.00965532451511902	0.971034031170204	0.00965532451511902
2	0.186153135273642	0.00965532451511902	0.794536220411681	0.00965532451511902
3	0.971034031170204	0.00965532451511902	0.00965532451511902	0.00965532451511902
4	0.00965532451511902	0.106559739752812	0.763391151979633	0.120393788467996
5	0.00965532451511902	0.00965532451511902	0.971034031170204	0.00965532451511902
6	0.763391151979633	0.00965532451511902	0.217298203705689	0.00965532451511902
7	0.312983970753302	0.308198301974468	0.192780278674256	0.186037445632929


Gene	RNCMPT00108
Motif	RNCMPT00108
Pos	A	C	G	U
1	0.0328371276042897	0.0328371276042897	0.901488620102929	0.0328371276042897
2	0.00925910296903044	0.00925910296903044	0.972222694531267	0.00925910296903044
3	0.972222694531267	0.00925910296903044	0.00925910296903044	0.00925910296903044
4	0.00925910296903044	0.197243057618107	0.686305926944115	0.107191915907109
5	0.00925910296903044	0.00925910296903044	0.972222694531267	0.00925910296903044
6	0.590513369503245	0.00925910296903044	0.390968427997055	0.00925910296903044
7	0.360908628119485	0.190569154572861	0.367942102370767	0.0805801124217138


Gene	RNCMPT00109
Motif	RNCMPT00109
Pos	A	C	G	U
1	0.0322045160464388	0.0322045160464388	0.903386454402843	0.0322045160464388
2	0.00863687553219887	0.00863687553219887	0.974089375176424	0.00863687553219887
3	0.974089375176424	0.00863687553219887	0.00863687553219887	0.00863687553219887
4	0.00863687553219887	0.193047176377405	0.689072028916931	0.109243920946485
5	0.00863687553219887	0.00863687553219887	0.974089375176424	0.00863687553219887
6	0.591164699843775	0.00863687553219887	0.391561550864848	0.00863687553219887
7	0.365814774758368	0.271332870453425	0.282574184832671	0.0802781663642895


Gene	RNCMPT00110
Motif	RNCMPT00110
Pos	A	C	G	U
1	0.328310090142541	0.407810043482976	0.131939932564949	0.131939932564949
2	0.897566337024074	0.034144555969364	0.034144555969364	0.034144555969364
3	0.0101575478330609	0.0101575478330609	0.969527360979772	0.0101575478330609
4	0.0101575478330609	0.0101575478330609	0.969527360979772	0.0101575478330609
5	0.969527360979772	0.0101575478330609	0.0101575478330609	0.0101575478330609
6	0.0576934479119749	0.630209308284194	0.165632566258594	0.14646467730971
7	0.649822554246116	0.188223937559225	0.0809767527389904	0.0809767527389904
8	0.339070646505922	0.313697725478643	0.218962235940942	0.128269392101506


Gene	RNCMPT00111
Motif	RNCMPT00111
Pos	A	C	G	U
1	0.139837772315475	0.307525313350569	0.223065736543474	0.329571178516392
2	0.00404977940244128	0.00404977940244128	0.987850660863406	0.00404977940244128
3	0.00404977940244128	0.987850660863406	0.00404977940244128	0.00404977940244128
4	0.10275430908026	0.00404977940244128	0.163924309829514	0.729271600758516
5	0.00404977940244128	0.00404977940244128	0.987850660863406	0.00404977940244128
6	0.00404977940244128	0.00404977940244128	0.987850660863406	0.00404977940244128
7	0.138946321325836	0.736293428627218	0.00404977940244128	0.120710469715237
8	0.116362931090943	0.578939008264241	0.188335130957141	0.116362931090943


Gene	RNCMPT00112
Motif	RNCMPT00112
Pos	A	C	G	U
1	0.0583238512200205	0.0583238512200205	0.0583238512200205	0.825028447265984
2	0.0583238512200205	0.0583238512200205	0.0583238512200205	0.825028447265984
3	0.228364370626413	0.0110649115400709	0.0984863164676124	0.662084404145672
4	0.116566170466092	0.0110649115400709	0.769064490179748	0.103304430593856
5	0.0110649115400709	0.0110649115400709	0.19597328654998	0.781896893149646
6	0.0110649115400709	0.0110649115400709	0.0110649115400709	0.966805268159555
7	0.057875129204755	0.057875129204755	0.057875129204755	0.826374606955291


Gene	RNCMPT00113
Motif	RNCMPT00113
Pos	A	C	G	U
1	0.0300227815336647	0.114467186132461	0.747741686794613	0.107768346287522
2	0.00551644019436317	0.81848526323613	0.17048185782414	0.00551644019436317
3	0.00551644019436317	0.00551644019436317	0.983450680865908	0.00551644019436317
4	0.00551644019436317	0.892973140112296	0.095993980947977	0.00551644019436317
5	0.00551644019436317	0.095993980947977	0.892973140112296	0.00551644019436317
6	0.00551644019436317	0.306348197099141	0.604919930841029	0.0832154333144664
7	0.0791479336941687	0.0791479336941687	0.762556200279509	0.0791479336941687


Gene	RNCMPT00114
Motif	RNCMPT00114
Pos	A	C	G	U
1	0.118354000162043	0.118354000162043	0.118354000162043	0.644937999372781
2	0.00480543319961543	0.00480543319961543	0.728158576515606	0.262230556501858
3	0.00480543319961543	0.00480543319961543	0.16178403457695	0.82860509844051
4	0.00480543319961543	0.00480543319961543	0.729219206890593	0.26116992612687
5	0.00480543319961543	0.00480543319961543	0.00480543319961543	0.985583699817846
6	0.00480543319961543	0.00480543319961543	0.888351095216036	0.102038037801425
7	0.0288383535284547	0.0288383535284547	0.12445774848275	0.817865544869455
8	0.137949608734799	0.137949608734799	0.311102164587377	0.412998616844282


Gene	RNCMPT00116
Motif	RNCMPT00116
Pos	A	C	G	U
1	0.906348608959452	0.0312171297914893	0.0312171297914893	0.0312171297914893
2	0.753416547466716	0.231325744070362	0.00762885242361852	0.00762885242361852
3	0.00762885242361852	0.977113439113457	0.00762885242361852	0.00762885242361852
4	0.977113439113457	0.00762885242361852	0.00762885242361852	0.00762885242361852
5	0.00762885242361852	0.192342019516062	0.00762885242361852	0.792400272021014
6	0.00762885242361852	0.977113439113457	0.00762885242361852	0.00762885242361852
7	0.546032838368432	0.0581726967114643	0.230545965203325	0.165248499377502


Gene	RNCMPT00117
Motif	RNCMPT00117
Pos	A	C	G	U
1	0.033203620572392	0.033203620572392	0.033203620572392	0.900389136949995
2	0.033203620572392	0.033203620572392	0.033203620572392	0.900389136949995
3	0.140105128459466	0.00926461540793371	0.0970933467063144	0.753536912824891
4	0.189910368782207	0.0991473487911722	0.613029783525547	0.0979125022996803
5	0.00926461540793371	0.00926461540793371	0.292887365456413	0.688583407126326
6	0.00926461540793371	0.0979125022996803	0.00926461540793371	0.883558270283059
7	0.0573620387217748	0.0573620387217748	0.1459332565241	0.739342663785825


Gene	RNCMPT00118
Motif	RNCMPT00118
Pos	A	C	G	U
1	0.790790772967245	0.069736408567501	0.069736408567501	0.069736408567501
2	0.00388111803242964	0.988356645330312	0.00388111803242964	0.00388111803242964
3	0.00388111803242964	0.00388111803242964	0.00388111803242964	0.988356645330312
4	0.988356645330312	0.00388111803242964	0.00388111803242964	0.00388111803242964
5	0.988356645330312	0.00388111803242964	0.00388111803242964	0.00388111803242964
6	0.00388111803242964	0.988356645330312	0.00388111803242964	0.00388111803242964
7	0.432036802900221	0.294945818273152	0.169992751280551	0.103024627770002


Gene	RNCMPT00119
Motif	RNCMPT00119
Pos	A	C	G	U
1	0.100432831528065	0.130763228142149	0.0971289720450186	0.671674968945382
2	0.0458322063871929	0.0580043202721007	0.00567717499457617	0.890486299006741
3	0.102941253548074	0.00567717499457617	0.00567717499457617	0.885704397123387
4	0.0580043202721007	0.00567717499457617	0.00567717499457617	0.930641330399362
5	0.0580043202721007	0.00567717499457617	0.00567717499457617	0.930641330399362
6	0.0580043202721007	0.00567717499457617	0.00567717499457617	0.930641330399362
7	0.101289323806551	0.0627862221554576	0.0753061107227909	0.760618343975815


Gene	RNCMPT00120
Motif	RNCMPT00120
Pos	A	C	G	U
1	0.130900956778268	0.0561116243254307	0.0561116243254307	0.756875791119835
2	0.00763286773298134	0.00763286773298134	0.00763286773298134	0.977101397552145
3	0.128934824052596	0.00763286773298134	0.285400405167076	0.578031903798435
4	0.376583282218549	0.0952953329219447	0.321330957986028	0.206790427624567
5	0.00763286773298134	0.00763286773298134	0.902319169415697	0.0824150958694278
6	0.00763286773298134	0.00763286773298134	0.00763286773298134	0.977101397552145
7	0.00763286773298134	0.00763286773298134	0.00763286773298134	0.977101397552145


Gene	RNCMPT00121
Motif	RNCMPT00121
Pos	A	C	G	U
1	0.00567250283633651	0.00567250283633651	0.0862560498890163	0.902398942354778
2	0.00567250283633651	0.00567250283633651	0.00567250283633651	0.982982489407457
3	0.115170006182832	0.00567250283633651	0.184483075157901	0.694674413739401
4	0.167436084639397	0.00567250283633651	0.520253933611565	0.30663747682917
5	0.00567250283633651	0.00567250283633651	0.344896711118796	0.643758281124997
6	0.00567250283633651	0.00567250283633651	0.0745774486498201	0.914077543593973
7	0.00567250283633651	0.00567250283633651	0.00567250283633651	0.982982489407457


Gene	RNCMPT00122
Motif	RNCMPT00122
Pos	A	C	G	U
1	0.0796240434418326	0.0796240434418326	0.591073984618945	0.249677927402265
2	0.00481514179504364	0.00481514179504364	0.0822664633154859	0.908103252025239
3	0.00481514179504364	0.00481514179504364	0.898475938875073	0.0918937764656516
4	0.00481514179504364	0.00481514179504364	0.700167866831442	0.290201848509283
5	0.00481514179504364	0.00481514179504364	0.0791857231074331	0.911183992233292
6	0.00481514179504364	0.00481514179504364	0.985554573545681	0.00481514179504364
7	0.0293187887765079	0.0293187887765079	0.116353373541885	0.825009049886946


Gene	RNCMPT00123
Motif	RNCMPT00123
Pos	A	C	G	U
1	0.242299497071223	0.216883250364873	0.307446262851226	0.233370991729194
2	0.199824312378572	0.0288359153058829	0.0288359153058829	0.742503855343117
3	0.00461585480765927	0.00461585480765927	0.986152436738371	0.00461585480765927
4	0.00461585480765927	0.986152436738371	0.00461585480765927	0.00461585480765927
5	0.986152436738371	0.00461585480765927	0.00461585480765927	0.00461585480765927
6	0.00461585480765927	0.00461585480765927	0.00461585480765927	0.986152436738371
7	0.00461585480765927	0.00461585480765927	0.986152436738371	0.00461585480765927
8	0.22183301502563	0.434108746230729	0.218830778525212	0.12522746055256

