Gene	RNCMPT00124
Motif	RNCMPT00124
Pos	A	C	G	U
1	0.228365220047421	0.310646085152669	0.219107401960709	0.241881289656326
2	0.00790852662780749	0.714088561159199	0.270094385319691	0.00790852662780749
3	0.0919865518049168	0.0893396181145435	0.714088561159199	0.104585268655846
4	0.00790852662780749	0.811177812333787	0.173005134145101	0.00790852662780749
5	0.00790852662780749	0.00790852662780749	0.97627441985108	0.00790852662780749
6	0.00790852662780749	0.88195241753461	0.102230528944281	0.00790852662780749
7	0.00790852662780749	0.102230528944281	0.88195241753461	0.00790852662780749
8	0.128566446422971	0.128566446422971	0.512551039262761	0.230316070525636


Gene	RNCMPT00126
Motif	RNCMPT00126
Pos	A	C	G	U
1	0.0552279862528441	0.0552279862528441	0.44783142772478	0.441712600886907
2	0.00614270661056647	0.00614270661056647	0.00614270661056647	0.981571881781228
3	0.00614270661056647	0.00614270661056647	0.00614270661056647	0.981571881781228
4	0.00614270661056647	0.00614270661056647	0.00614270661056647	0.981571881781228
5	0.0303420914461716	0.0303420914461716	0.713695314995554	0.225620504932692
6	0.0542086549923028	0.0542086549923028	0.558207751982341	0.333374939580978
7	0.0783654510765548	0.0783654510765548	0.66704959375107	0.176219506224702


Gene	RNCMPT00127
Motif	RNCMPT00127
Pos	A	C	G	U
1	0.687217956011191	0.104260681778464	0.104260681778464	0.104260681778464
2	0.126713172393486	0.0332115055417226	0.0332115055417226	0.806863818108393
3	0.00897323442101138	0.973080296524004	0.00897323442101138	0.00897323442101138
4	0.973080296524004	0.00897323442101138	0.00897323442101138	0.00897323442101138
5	0.401593613965161	0.00897323442101138	0.202381799194305	0.387051352206563
6	0.0330258547085456	0.900922438982944	0.0330258547085456	0.0330258547085456
7	0.181352689301081	0.0810621017003573	0.656523103328498	0.0810621017003573


Gene	RNCMPT00129
Motif	RNCMPT00129
Pos	A	C	G	U
1	0.522103438857505	0.131798946798685	0.131798946798685	0.214298669224611
2	0.0625411033390471	0.0625411033390471	0.812376692659747	0.0625411033390471
3	0.710227383551784	0.0395577957708748	0.122693855728054	0.127520963956956
4	0.195493938585509	0.0162832395264046	0.771939584159448	0.0162832395264046
5	0.190298424233204	0.0162832395264046	0.0996234099840597	0.693794928054097
6	0.597975335867867	0.0162832395264046	0.182454216289528	0.203287210113965
7	0.282501530938907	0.0996234099840597	0.0162832395264046	0.601591821348394
8	0.423025226947877	0.134511931116575	0.307950912737451	0.134511931116575


Gene	RNCMPT00131
Motif	RNCMPT00131
Pos	A	C	G	U
1	0.102292563622999	0.222535544279167	0.473011159612381	0.202160729516966
2	0.97841606296844	0.00719464662460671	0.00719464662460671	0.00719464662460671
3	0.97841606296844	0.00719464662460671	0.00719464662460671	0.00719464662460671
4	0.97841606296844	0.00719464662460671	0.00719464662460671	0.00719464662460671
5	0.12981706519032	0.00719464662460671	0.00719464662460671	0.855793644402727
6	0.00719464662460671	0.00719464662460671	0.00719464662460671	0.97841606296844
7	0.222226118210367	0.0569597201962521	0.246209519809053	0.474604641571434


Gene	RNCMPT00132
Motif	RNCMPT00132
Pos	A	C	G	U
1	0.0301900713859373	0.0301900713859373	0.0301900713859373	0.909429784859157
2	0.00629948179958758	0.00629948179958758	0.00629948179958758	0.981101553823232
3	0.224776911745509	0.00629948179958758	0.184026869134536	0.584896736542362
4	0.208458455767811	0.103202550389408	0.483070472759271	0.205268520305505
5	0.00629948179958758	0.00629948179958758	0.791683882770927	0.195717152851891
6	0.00629948179958758	0.00629948179958758	0.00629948179958758	0.981101553823232
7	0.00629948179958758	0.00629948179958758	0.00629948179958758	0.981101553823232


Gene	RNCMPT00133
Motif	RNCMPT00133
Pos	A	C	G	U
1	0.340731139308343	0.147194920654417	0.267602396994962	0.244471543667827
2	0.400256192371067	0.093010512678582	0.00749375932837212	0.499239538481415
3	0.00749375932837212	0.00749375932837212	0.977518724874322	0.00749375932837212
4	0.00749375932837212	0.977518724874322	0.00749375932837212	0.00749375932837212
5	0.977518724874322	0.00749375932837212	0.00749375932837212	0.00749375932837212
6	0.00749375932837212	0.977518724874322	0.00749375932837212	0.00749375932837212
7	0.67789928024726	0.10736690540418	0.10736690540418	0.10736690540418


Gene	RNCMPT00134
Motif	RNCMPT00134
Pos	A	C	G	U
1	0.0123065888800001	0.0123065888800001	0.963080231578839	0.0123065888800001
2	0.0123065888800001	0.0123065888800001	0.963080231578839	0.0123065888800001
3	0.963080231578839	0.0123065888800001	0.0123065888800001	0.0123065888800001
4	0.0123065888800001	0.208337964675525	0.66818373124622	0.111171713417094
5	0.0123065888800001	0.0123065888800001	0.963080231578839	0.0123065888800001
6	0.292164424975443	0.0123065888800001	0.683222395483396	0.0123065888800001
7	0.278806175830138	0.255887183477825	0.38318168929901	0.0821249525136268


Gene	RNCMPT00136
Motif	RNCMPT00136
Pos	A	C	G	U
1	0.210756228408445	0.032594193445185	0.032594193445185	0.724055382101676
2	0.00857090268532809	0.00857090268532809	0.00857090268532809	0.97428729432617
3	0.132946422892316	0.00857090268532809	0.584140589138782	0.274342087665729
4	0.293662851838266	0.00857090268532809	0.596293650126067	0.101472597732494
5	0.00857090268532809	0.00857090268532809	0.100992081317841	0.881866115693661
6	0.00857090268532809	0.00857090268532809	0.00857090268532809	0.97428729432617
7	0.0326143621990149	0.0326143621990149	0.0326143621990149	0.902156914244607


Gene	RNCMPT00137
Motif	RNCMPT00137
Pos	A	C	G	U
1	0.60159427317276	0.103232740205251	0.103232740205251	0.191940242669695
2	0.796415807127813	0.137243271918388	0.033170459507134	0.033170459507134
3	0.0941751371615258	0.886818621994347	0.00950311842930634	0.00950311842930634
4	0.00950311842930634	0.971490640726568	0.00950311842930634	0.00950311842930634
5	0.00950311842930634	0.768249262248009	0.114775550202957	0.107472065134214
6	0.00950311842930634	0.00950311842930634	0.300593367889716	0.680400391266156
7	0.630395303941242	0.0573369674406445	0.0573369674406445	0.254930763084539


Gene	RNCMPT00138
Motif	RNCMPT00138
Pos	A	C	G	U
1	0.419234284445695	0.122267370557414	0.336230971567708	0.122267370557414
2	0.331980042544907	0.0337174247002064	0.600585106991408	0.0337174247002064
3	0.664241021802662	0.0104558482152118	0.0104558482152118	0.31484728178064
4	0.0104558482152118	0.0104558482152118	0.0104558482152118	0.96863245536809
5	0.0104558482152118	0.0104558482152118	0.824049981450338	0.155038322132964
6	0.824049981450338	0.0104558482152118	0.155038322132964	0.0104558482152118
7	0.226623990186772	0.108624877866235	0.0104558482152118	0.654295283745507
8	0.233401915806602	0.139297255151722	0.404340288508345	0.222960543834454


Gene	RNCMPT00139
Motif	RNCMPT00139
Pos	A	C	G	U
1	0.0312550141352371	0.0312550141352371	0.906234955489106	0.0312550141352371
2	0.977566511731964	0.00747783001000496	0.00747783001000496	0.00747783001000496
3	0.977566511731964	0.00747783001000496	0.00747783001000496	0.00747783001000496
4	0.977566511731964	0.00747783001000496	0.00747783001000496	0.00747783001000496
5	0.977566511731964	0.00747783001000496	0.00747783001000496	0.00747783001000496
6	0.286074856419372	0.208827871764937	0.0973854691339106	0.407711804443762
7	0.205580037672934	0.375666689283048	0.306196746055748	0.112556529929106


Gene	RNCMPT00140
Motif	RNCMPT00140
Pos	A	C	G	U
1	0.657911819317188	0.11402939193351	0.11402939193351	0.11402939193351
2	0.331477407507583	0.064520547647046	0.456670847873162	0.14733119047602
3	0.136666703980972	0.040711283189408	0.040711283189408	0.781910729899362
4	0.0179745015877416	0.0179745015877416	0.946076503173761	0.0179745015877416
5	0.0179745015877416	0.0179745015877416	0.946076503173761	0.0179745015877416
6	0.866247437552451	0.0179745015877416	0.0179745015877416	0.0978035672090513
7	0.810896874840615	0.0630343748810482	0.0630343748810482	0.0630343748810482


Gene	RNCMPT00141
Motif	RNCMPT00141
Pos	A	C	G	U
1	0.0701776764779354	0.0701776764779354	0.0701776764779354	0.789466981904175
2	0.842052119081802	0.0240482941691231	0.109851300752714	0.0240482941691231
3	0.193400681949948	0.0240482941691231	0.114217699938779	0.668333332114912
4	0.199457300175781	0.0240482941691231	0.583093731877911	0.193400681949948
5	0.57844562951855	0.0240482941691231	0.289626705945438	0.107879378539652
6	0.0471783998028824	0.0471783998028824	0.76726128856508	0.13838192165431
7	0.182221371421753	0.0919438836131436	0.633890851303106	0.0919438836131436


Gene	RNCMPT00142
Motif	RNCMPT00142
Pos	A	C	G	U
1	0.673980958632926	0.108673011786934	0.108673011786934	0.108673011786934
2	0.134874974129192	0.0386005491022544	0.0386005491022544	0.787923928807064
3	0.954431883983219	0.0151893718992701	0.0151893718992701	0.0151893718992701
4	0.954431883983219	0.0151893718992701	0.0151893718992701	0.0151893718992701
5	0.0151893718992701	0.0151893718992701	0.0151893718992701	0.954431883983219
6	0.594247962158798	0.138506874226937	0.0384781227179057	0.228767038421043
7	0.656270050667334	0.173627296079597	0.0850513245336766	0.0850513245336766


Gene	RNCMPT00143
Motif	RNCMPT00143
Pos	A	C	G	U
1	0.206403820506	0.132411499433526	0.528773179422357	0.132411499433526
2	0.814857780510373	0.0617140753301687	0.0617140753301687	0.0617140753301687
3	0.0386579227620593	0.0386579227620593	0.0386579227620593	0.884026234368706
4	0.0386579227620593	0.884026234368706	0.0386579227620593	0.0386579227620593
5	0.952347055177715	0.0158843126448898	0.0158843126448898	0.0158843126448898
6	0.549829895835287	0.169622536733794	0.0930279201443293	0.187519640398973
7	0.0623677957386528	0.0623677957386528	0.812896611487199	0.0623677957386528
8	0.522114735493788	0.210931099685134	0.133477084076465	0.133477084076465


Gene	RNCMPT00144
Motif	RNCMPT00144
Pos	A	C	G	U
1	0.181478202890819	0.365292731933946	0.0887288717259117	0.364500198622564
2	0.417769267489393	0.0400073780072419	0.0400073780072419	0.502215977305028
3	0.0163248373601347	0.0163248373601347	0.0163248373601347	0.951025491898468
4	0.0163248373601347	0.0163248373601347	0.951025491898468	0.0163248373601347
5	0.0163248373601347	0.951025491898468	0.0163248373601347	0.0163248373601347
6	0.0163248373601347	0.0163248373601347	0.951025491898468	0.0163248373601347
7	0.236678821686321	0.0622916692350477	0.638737843708011	0.0622916692350477


Gene	RNCMPT00145
Motif	RNCMPT00145
Pos	A	C	G	U
1	0.436277898128549	0.212217654094781	0.126891211515333	0.22461323413238
2	0.0924295127665786	0.00696502604804819	0.00696502604804819	0.893640435294675
3	0.267666430146211	0.00696502604804819	0.00696502604804819	0.71840351791504
4	0.00696502604804819	0.00696502604804819	0.979104922013202	0.00696502604804819
5	0.00696502604804819	0.979104922013202	0.00696502604804819	0.00696502604804819
6	0.979104922013202	0.00696502604804819	0.00696502604804819	0.00696502604804819
7	0.030858023739769	0.907425925530396	0.030858023739769	0.030858023739769
8	0.416799749355804	0.130114233444731	0.236904314474964	0.216181705226227


Gene	RNCMPT00146
Motif	RNCMPT00146
Pos	A	C	G	U
1	0.595044050998148	0.108657216864386	0.108657216864386	0.187641515584979
2	0.0371334120845608	0.0371334120845608	0.741740392410649	0.183992781278967
3	0.0116897242776297	0.0116897242776297	0.457539372933797	0.519081174187284
4	0.317057933139658	0.0116897242776297	0.659562613981423	0.0116897242776297
5	0.152171164071769	0.0116897242776297	0.0116897242776297	0.824449383049312
6	0.0116897242776297	0.0116897242776297	0.824449383049312	0.152171164071769
7	0.302873989146641	0.0583681032955739	0.580389804460894	0.0583681032955739


Gene	RNCMPT00147
Motif	RNCMPT00147
Pos	A	C	G	U
1	0.506938522476726	0.105484174239702	0.190951212343319	0.196626088135944
2	0.975066533521372	0.0083111547398715	0.0083111547398715	0.0083111547398715
3	0.0083111547398715	0.975066533521372	0.0083111547398715	0.0083111547398715
4	0.0083111547398715	0.0083111547398715	0.0083111547398715	0.975066533521372
5	0.975066533521372	0.0083111547398715	0.0083111547398715	0.0083111547398715
6	0.975066533521372	0.0083111547398715	0.0083111547398715	0.0083111547398715
7	0.0784935950750749	0.0784935950750749	0.764519214399313	0.0784935950750749


Gene	RNCMPT00148
Motif	RNCMPT00148
Pos	A	C	G	U
1	0.183805931181909	0.641978865346899	0.0871076005660851	0.0871076005660851
2	0.127153919802652	0.611387859486437	0.0415094041785257	0.219948822009309
3	0.750308625107938	0.0185505721896166	0.0185505721896166	0.212590229108647
4	0.0185505721896166	0.108823254484956	0.0185505721896166	0.854075599731629
5	0.0185505721896166	0.0185505721896166	0.0185505721896166	0.944348282026968
6	0.0185505721896166	0.0185505721896166	0.0185505721896166	0.944348282026968
7	0.0413035636672649	0.0413035636672649	0.0413035636672649	0.876089315484543


Gene	RNCMPT00149
Motif	RNCMPT00149
Pos	A	C	G	U
1	0.343505630007997	0.43793822555621	0.066672841334629	0.151883307423822
2	0.584888576436	0.145253214253333	0.226538599737026	0.0433196042887447
3	0.0195968961573603	0.11992478349319	0.660548608914677	0.199929710226291
4	0.941209310319437	0.0195968961573603	0.0195968961573603	0.0195968961573603
5	0.0195968961573603	0.853150122702307	0.0195968961573603	0.107656083774492
6	0.84912299226029	0.0195968961573603	0.111683214216507	0.0195968961573603
7	0.0653433824274698	0.0653433824274698	0.803969854520466	0.0653433824274698


Gene	RNCMPT00150
Motif	RNCMPT00150
Pos	A	C	G	U
1	0.0851134560325405	0.0851134560325405	0.0851134560325405	0.744659628992954
2	0.0372940434704776	0.0372940434704776	0.888117869425434	0.0372940434704776
3	0.0128793620934383	0.0128793620934383	0.96136190992779	0.0128793620934383
4	0.0128793620934383	0.0128793620934383	0.96136190992779	0.0128793620934383
5	0.219484641829392	0.0367433908141144	0.707028582788509	0.0367433908141144
6	0.716460514185767	0.0367433908141144	0.210052710432134	0.0367433908141144
7	0.206192530246528	0.107354887026205	0.197175158881096	0.489277417765494


Gene	RNCMPT00151
Motif	RNCMPT00151
Pos	A	C	G	U
1	0.762509870175323	0.0791633768215905	0.0791633768215905	0.0791633768215905
2	0.974051961825069	0.00864934515937539	0.00864934515937539	0.00864934515937539
3	0.00864934515937539	0.974051961825069	0.00864934515937539	0.00864934515937539
4	0.00864934515937539	0.00864934515937539	0.00864934515937539	0.974051961825069
5	0.974051961825069	0.00864934515937539	0.00864934515937539	0.00864934515937539
6	0.521991671568225	0.317983267747242	0.0325968476589352	0.127428216292518
7	0.104219040959224	0.104219040959224	0.687342879365605	0.104219040959224


Gene	RNCMPT00152
Motif	RNCMPT00152
Pos	A	C	G	U
1	0.107772921908759	0.107772921908759	0.193821329216257	0.590632822278716
2	0.962900946691919	0.0123663508181126	0.0123663508181126	0.0123663508181126
3	0.0123663508181126	0.0123663508181126	0.0123663508181126	0.962900946691919
4	0.962900946691919	0.0123663508181126	0.0123663508181126	0.0123663508181126
5	0.103668114592932	0.109818435597131	0.127039334408889	0.659474114547305
6	0.756926199326323	0.218341098183708	0.0123663508181126	0.0123663508181126
7	0.0123663508181126	0.589474826250666	0.385792471259364	0.0123663508181126


Gene	RNCMPT00153
Motif	RNCMPT00153
Pos	A	C	G	U
1	0.26422234159299	0.0828188627958468	0.570139930426155	0.0828188627958468
2	0.964958655249023	0.0116804468490435	0.0116804468490435	0.0116804468490435
3	0.964958655249023	0.0116804468490435	0.0116804468490435	0.0116804468490435
4	0.964958655249023	0.0116804468490435	0.0116804468490435	0.0116804468490435
5	0.964958655249023	0.0116804468490435	0.0116804468490435	0.0116804468490435
6	0.0952002235506147	0.800606449822212	0.0116804468490435	0.092512875574283
7	0.329572513135161	0.549633695541081	0.06039689710485	0.06039689710485


Gene	RNCMPT00154
Motif	RNCMPT00154
Pos	A	C	G	U
1	0.0634475298679768	0.270051416875072	0.603053516487808	0.0634475298679768
2	0.878566052954076	0.0404779808168179	0.0404779808168179	0.0404779808168179
3	0.668123496966648	0.106939882795166	0.118834373937212	0.106102242573895
4	0.0173461894732255	0.196701104161361	0.768606513165109	0.0173461894732255
5	0.0173461894732255	0.10710741083942	0.85820020648705	0.0173461894732255
6	0.700285216186242	0.0404577148205863	0.218799362515376	0.0404577148205863
7	0.151742262229696	0.0632265887291975	0.721804557557504	0.0632265887291975


Gene	RNCMPT00155
Motif	RNCMPT00155
Pos	A	C	G	U
1	0.757581138093524	0.0808062882916104	0.0808062882916104	0.0808062882916104
2	0.326151017023304	0.123042401487181	0.518076580241003	0.032730004207642
3	0.974428180192358	0.00852393919768473	0.00852393919768473	0.00852393919768473
4	0.974428180192358	0.00852393919768473	0.00852393919768473	0.00852393919768473
5	0.974428180192358	0.00852393919768473	0.00852393919768473	0.00852393919768473
6	0.772857397359491	0.119943631515674	0.098675029712564	0.00852393919768473
7	0.6872890442497	0.203573134184849	0.00852393919768473	0.10061388015318


Gene	RNCMPT00156
Motif	RNCMPT00156
Pos	A	C	G	U
1	0.0289260721554996	0.168882979546732	0.773264876772799	0.0289260721554996
2	0.984561125294953	0.00514629085692418	0.00514629085692418	0.00514629085692418
3	0.00514629085692418	0.914510454247717	0.075196961904161	0.00514629085692418
4	0.984561125294953	0.00514629085692418	0.00514629085692418	0.00514629085692418
5	0.00514629085692418	0.184167701849805	0.805539714302068	0.00514629085692418
6	0.984561125294953	0.00514629085692418	0.00514629085692418	0.00514629085692418
7	0.301008210512597	0.184126594839406	0.209704356603704	0.305160835363742


Gene	RNCMPT00157
Motif	RNCMPT00157
Pos	A	C	G	U
1	0.974659063714268	0.00844697756161774	0.00844697756161774	0.00844697756161774
2	0.283085945567195	0.00844697756161774	0.70002009570869	0.00844697756161774
3	0.974659063714268	0.00844697756161774	0.00844697756161774	0.00844697756161774
4	0.974659063714268	0.00844697756161774	0.00844697756161774	0.00844697756161774
5	0.193759322124929	0.0955764367951483	0.702217259917426	0.00844697756161774
6	0.974659063714268	0.00844697756161774	0.00844697756161774	0.00844697756161774
7	0.224875901129375	0.312169586293529	0.225891494291442	0.23706301907418


Gene	RNCMPT00158
Motif	RNCMPT00158
Pos	A	C	G	U
1	0.169792511215775	0.45246912127402	0.164509463052899	0.213228903790404
2	0.0969297458225215	0.0919880574446695	0.00658218974642937	0.804500007214712
3	0.00658218974642937	0.00658218974642937	0.00658218974642937	0.980253430989041
4	0.00658218974642937	0.00658218974642937	0.00658218974642937	0.980253430989041
5	0.00658218974642937	0.00658218974642937	0.00658218974642937	0.980253430989041
6	0.00658218974642937	0.00658218974642937	0.0905657264724462	0.896269894263026
7	0.0305356185277595	0.0305356185277595	0.0305356185277595	0.908393145775856


Gene	RNCMPT00159
Motif	RNCMPT00159
Pos	A	C	G	U
1	0.120423343332728	0.0303640190993599	0.0303640190993599	0.818848617321133
2	0.00604678406505991	0.00604678406505991	0.00604678406505991	0.981859645996802
3	0.00604678406505991	0.00604678406505991	0.00604678406505991	0.981859645996802
4	0.00604678406505991	0.00604678406505991	0.00604678406505991	0.981859645996802
5	0.00604678406505991	0.00604678406505991	0.00604678406505991	0.981859645996802
6	0.00604678406505991	0.093329554441326	0.0951580423584172	0.805465617327178
7	0.0784562340543257	0.174053246759709	0.551652053306899	0.195838467666167


Gene	RNCMPT00160
Motif	RNCMPT00160
Pos	A	C	G	U
1	0.0557478958883364	0.120904894178528	0.76759931390158	0.0557478958883364
2	0.0294872868826102	0.0917731362911218	0.849252289881937	0.0294872868826102
3	0.0991002611617576	0.0697193123163769	0.825350865254305	0.00582956040783162
4	0.760796001052865	0.0697193123163769	0.0703844246092701	0.0991002611617576
5	0.00582956040783162	0.0697193123163769	0.812195562809978	0.112255563606083
6	0.00582956040783162	0.0697193123163769	0.918621566008226	0.00582956040783162
7	0.136873671758162	0.136239870741706	0.651528619828318	0.0753578360335201


Gene	RNCMPT00161
Motif	RNCMPT00161
Pos	A	C	G	U
1	0.59461678301494	0.135127740080643	0.135127740080643	0.135127740080643
2	0.883468603472907	0.0388437981172282	0.0388437981172282	0.0388437981172282
3	0.0156043133130774	0.377852649233234	0.0156043133130774	0.590938720590541
4	0.0156043133130774	0.0156043133130774	0.953187056510698	0.0156043133130774
5	0.862000244280145	0.0156043133130774	0.10679112554363	0.0156043133130774
6	0.10679112554363	0.862000244280145	0.0156043133130774	0.0156043133130774
7	0.586908215748519	0.0156043133130774	0.381883154075256	0.0156043133130774
8	0.608334201725063	0.130555267829521	0.130555267829521	0.130555267829521


Gene	RNCMPT00162
Motif	RNCMPT00162
Pos	A	C	G	U
1	0.11211003547745	0.575849583428707	0.11211003547745	0.199930349464268
2	0.0617894991665358	0.146185409259166	0.730235588185672	0.0617894991665358
3	0.0950240254370463	0.0998166033265825	0.790095736460392	0.0150636395841056
4	0.870056122313332	0.0998166033265825	0.0150636395841056	0.0150636395841056
5	0.0150636395841056	0.0998166033265825	0.870056122313332	0.0150636395841056
6	0.0150636395841056	0.0998166033265825	0.870056122313332	0.0150636395841056
7	0.444436635457197	0.144544113022402	0.349923495128337	0.0610957577530284


Gene	RNCMPT00163
Motif	RNCMPT00163
Pos	A	C	G	U
1	0.0839260428943198	0.0839260428943198	0.748221868906303	0.0839260428943198
2	0.0320012876579039	0.0320012876579039	0.903996138860931	0.0320012876579039
3	0.682892651008082	0.00856970229059915	0.29996794629357	0.00856970229059915
4	0.10141816961188	0.00856970229059915	0.881442427689769	0.00856970229059915
5	0.0796785053628415	0.0792378364929286	0.832513957736482	0.00856970229059915
6	0.832374390592383	0.102826922955015	0.0323993435304212	0.0323993435304212
7	0.200980990252196	0.221259632449877	0.520674697139927	0.0570846760890824


Gene	RNCMPT00164
Motif	RNCMPT00164
Pos	A	C	G	U
1	0.0907682404906852	0.180151857140958	0.1781816578809	0.550898248191849
2	0.0199239224943476	0.0199239224943476	0.854568986608572	0.105583168147867
3	0.0199239224943476	0.0199239224943476	0.0199239224943476	0.94022823226209
4	0.0199239224943476	0.0199239224943476	0.129432524972886	0.830719629783553
5	0.0199239224943476	0.572492640798828	0.38765951395761	0.0199239224943476
6	0.0199239224943476	0.0199239224943476	0.656334792599012	0.303817362157426
7	0.066065187365222	0.066065187365222	0.152229535786847	0.715640095358957


Gene	RNCMPT00165
Motif	RNCMPT00165
Pos	A	C	G	U
1	0.217648333949277	0.125438051273838	0.0343102638228309	0.622603347883168
2	0.0101956190607588	0.0101956190607588	0.0101956190607588	0.969413144078479
3	0.0992463255303413	0.0101956190607588	0.0101956190607588	0.880362437608896
4	0.0101956190607588	0.0101956190607588	0.0101956190607588	0.969413144078479
5	0.0101956190607588	0.0101956190607588	0.0101956190607588	0.969413144078479
6	0.0101956190607588	0.0101956190607588	0.106243551038915	0.873365212100323
7	0.0821831264589834	0.471503209895933	0.184046685791947	0.262266981185982


Gene	RNCMPT00166
Motif	RNCMPT00166
Pos	A	C	G	U
1	0.0839638134106351	0.0839638134106351	0.0839638134106351	0.748108561015905
2	0.0101230245094823	0.0101230245094823	0.880222034440169	0.099531919453341
3	0.0101230245094823	0.0101230245094823	0.0101230245094823	0.969630929384028
4	0.0101230245094823	0.0101230245094823	0.772610843868289	0.207143110025222
5	0.0101230245094823	0.0101230245094823	0.096110077977577	0.883643875915934
6	0.0101230245094823	0.0101230245094823	0.734305229570154	0.245448724323356
7	0.0571670668800106	0.0571670668800106	0.228839419569028	0.656826444156097


Gene	RNCMPT00167
Motif	RNCMPT00167
Pos	A	C	G	U
1	0.539994101908106	0.1802351520845	0.0797502721051169	0.200020472182598
2	0.00531105731434936	0.00531105731434936	0.00531105731434936	0.984066826153735
3	0.00531105731434936	0.00531105731434936	0.00531105731434936	0.984066826153735
4	0.00531105731434936	0.00531105731434936	0.00531105731434936	0.984066826153735
5	0.00531105731434936	0.00531105731434936	0.00531105731434936	0.984066826153735
6	0.00531105731434936	0.00531105731434936	0.00531105731434936	0.984066826153735
7	0.0532406055196184	0.131116830321795	0.255009599024897	0.560632966996189


Gene	RNCMPT00168
Motif	RNCMPT00168
Pos	A	C	G	U
1	0.312096560381765	0.0517475986102623	0.0517475986102623	0.584408242979162
2	0.004218445786123	0.004218445786123	0.98734466264412	0.004218445786123
3	0.004218445786123	0.98734466264412	0.004218445786123	0.004218445786123
4	0.98734466264412	0.004218445786123	0.004218445786123	0.004218445786123
5	0.004218445786123	0.004218445786123	0.004218445786123	0.98734466264412
6	0.004218445786123	0.004218445786123	0.98734466264412	0.004218445786123
7	0.313687816216559	0.481444869244603	0.102433657159761	0.102433657159761


Gene	RNCMPT00169
Motif	RNCMPT00169
Pos	A	C	G	U
1	0.798664692158047	0.0339552528238548	0.0339552528238548	0.133424804590437
2	0.00974615106707635	0.00974615106707635	0.00974615106707635	0.970761549092077
3	0.884217686096699	0.00974615106707635	0.00974615106707635	0.0962900140624551
4	0.970761549092077	0.00974615106707635	0.00974615106707635	0.00974615106707635
5	0.878450315964202	0.00974615106707635	0.00974615106707635	0.102057384194952
6	0.899438906606131	0.033520364762217	0.033520364762217	0.033520364762217
7	0.286278996544742	0.195872427396893	0.413269602673414	0.104578972504055


Gene	RNCMPT00170
Motif	RNCMPT00170
Pos	A	C	G	U
1	0.457687607024785	0.278486995143315	0.0863405493602015	0.177484853839664
2	0.860464297674414	0.0159858130385311	0.0159858130385311	0.107564075508787
3	0.0159858130385311	0.0159858130385311	0.0159858130385311	0.95204256014467
4	0.0159858130385311	0.95204256014467	0.0159858130385311	0.0159858130385311
5	0.0159858130385311	0.95204256014467	0.0159858130385311	0.0159858130385311
6	0.95204256014467	0.0159858130385311	0.0159858130385311	0.0159858130385311
7	0.278215475391954	0.086146150080073	0.54949222127343	0.086146150080073


Gene	RNCMPT00171
Motif	RNCMPT00171
Pos	A	C	G	U
1	0.754943533590485	0.0816854907601892	0.0816854907601892	0.0816854907601892
2	0.201445824088658	0.0365941808673872	0.72536581120475	0.0365941808673872
3	0.960027197747161	0.0133242685669419	0.0133242685669419	0.0133242685669419
4	0.960027197747161	0.0133242685669419	0.0133242685669419	0.0133242685669419
5	0.960027197747161	0.0133242685669419	0.0133242685669419	0.0133242685669419
6	0.463978197155205	0.111675242998777	0.196267479390882	0.228079083903123
7	0.111061796079808	0.18049313004597	0.0133242685669419	0.695120808755268


Gene	RNCMPT00172
Motif	RNCMPT00172
Pos	A	C	G	U
1	0.71339123964659	0.161112421195536	0.0627481663279934	0.0627481663279934
2	0.396294530223585	0.487741564026364	0.0155883576168768	0.10037555329662
3	0.784814912894653	0.0992211813552945	0.0155883576168768	0.10037555329662
4	0.38750354390118	0.298010062614492	0.0155883576168768	0.298898041030897
5	0.575991875530085	0.109521730985588	0.0155883576168768	0.298898041030897
6	0.199370403638837	0.769452886290855	0.0155883576168768	0.0155883576168768
7	0.863386259659566	0.105437030270127	0.0155883576168768	0.0155883576168768


Gene	RNCMPT00173
Motif	RNCMPT00173
Pos	A	C	G	U
1	0.173860000933686	0.173712287392434	0.0834283668792878	0.568999340182762
2	0.894004101993321	0.0353319651230926	0.0353319651230926	0.0353319651230926
3	0.0111466082281208	0.0111466082281208	0.0111466082281208	0.966560174355864
4	0.966560174355864	0.0111466082281208	0.0111466082281208	0.0111466082281208
5	0.107702475865125	0.0111466082281208	0.0111466082281208	0.87000430671886
6	0.798881380268098	0.0349393361289021	0.0349393361289021	0.131239946479399
7	0.148494989396707	0.246917016009089	0.365980362332842	0.238607636950315


Gene	RNCMPT00174
Motif	RNCMPT00174
Pos	A	C	G	U
1	0.179414674547435	0.0858572272529551	0.0858572272529551	0.648870876579928
2	0.789031430165801	0.0391069421392153	0.0391069421392153	0.132754693337766
3	0.109401065812023	0.0156993974822437	0.0156993974822437	0.859200138929177
4	0.677368596637268	0.0156993974822437	0.106057989191434	0.200874016394743
5	0.106057989191434	0.0156993974822437	0.0156993974822437	0.862543215549767
6	0.213610830661873	0.0389406944291649	0.0389406944291649	0.708507785399094
7	0.641967882279075	0.0619075886650758	0.148475797426557	0.147648737775942


Gene	RNCMPT00175
Motif	RNCMPT00175
Pos	A	C	G	U
1	0.593188074395059	0.106112333413651	0.106112333413651	0.194587256539694
2	0.102688378044311	0.0128708922981623	0.0128708922981623	0.871569832530969
3	0.961387318277119	0.0128708922981623	0.0128708922981623	0.0128708922981623
4	0.104969355314181	0.0128708922981623	0.0128708922981623	0.8692888552611
5	0.287925749848569	0.0128708922981623	0.10068752079004	0.598515832234834
6	0.410637328854938	0.0128708922981623	0.0128708922981623	0.563620881720343
7	0.695594881554615	0.0373462928321737	0.14006560209984	0.126993220131835


Gene	RNCMPT00176
Motif	RNCMPT00176
Pos	A	C	G	U
1	0.0345599217136254	0.0345599217136254	0.0345599217136254	0.896320230826985
2	0.966920599644187	0.0110264664414731	0.0110264664414731	0.0110264664414731
3	0.0110264664414731	0.0110264664414731	0.966920599644187	0.0110264664414731
4	0.110708273625208	0.100671958864918	0.202113005130197	0.586506761348283
5	0.361518820358638	0.0110264664414731	0.100974778706823	0.526479933461672
6	0.56358453575312	0.0577262188138635	0.320963025342606	0.0577262188138635
7	0.102479925693738	0.102479925693738	0.69256022136361	0.102479925693738


Gene	RNCMPT00177
Motif	RNCMPT00177
Pos	A	C	G	U
1	0.088446272006591	0.088446272006591	0.64373128728228	0.179376168620637
2	0.0426864246498578	0.0426864246498578	0.134522257838897	0.780104887898506
3	0.483217102884452	0.0191687652790634	0.390884609854576	0.106729513396931
4	0.193813087023597	0.0191687652790634	0.680606742042899	0.106411397069464
5	0.121680980787894	0.0191687652790634	0.106729513396931	0.752420731951134
6	0.0419317486496899	0.0419317486496899	0.591886975063281	0.324249525895581
7	0.0872249858436252	0.0872249858436252	0.26202317651027	0.563526860920609


Gene	RNCMPT00178
Motif	RNCMPT00178
Pos	A	C	G	U
1	0.646437224542651	0.0572514445956073	0.239059885156503	0.0572514445956073
2	0.0100372821798102	0.969888148589857	0.0100372821798102	0.0100372821798102
3	0.969888148589857	0.0100372821798102	0.0100372821798102	0.0100372821798102
4	0.185489095946425	0.520360028278535	0.0924052250478029	0.201745645856526
5	0.759426910859541	0.0100372821798102	0.220498519910126	0.0100372821798102
6	0.0100372821798102	0.969888148589857	0.0100372821798102	0.0100372821798102
7	0.969888148589857	0.0100372821798102	0.0100372821798102	0.0100372821798102


Gene	RNCMPT00179
Motif	RNCMPT00179
Pos	A	C	G	U
1	0.268546603675054	0.0794929450336221	0.0794929450336221	0.572467507324113
2	0.00924450767852043	0.00924450767852043	0.97226647443589	0.00924450767852043
3	0.0971392799523235	0.00924450767852043	0.00924450767852043	0.884371702162086
4	0.00924450767852043	0.00924450767852043	0.97226647443589	0.00924450767852043
5	0.00924450767852043	0.00924450767852043	0.00924450767852043	0.97226647443589
6	0.00924450767852043	0.00924450767852043	0.97226647443589	0.00924450767852043
7	0.547425367691711	0.0831238383985125	0.183887509798094	0.185563286833778


Gene	RNCMPT00180
Motif	RNCMPT00180
Pos	A	C	G	U
1	0.280940977387674	0.0993223711789978	0.0993223711789978	0.52041427972722
2	0.00482091580160636	0.00482091580160636	0.985537253926226	0.00482091580160636
3	0.00482091580160636	0.985537253926226	0.00482091580160636	0.00482091580160636
4	0.985537253926226	0.00482091580160636	0.00482091580160636	0.00482091580160636
5	0.00482091580160636	0.00482091580160636	0.00482091580160636	0.985537253926226
6	0.00482091580160636	0.00482091580160636	0.985537253926226	0.00482091580160636
7	0.572987673780365	0.179058226557485	0.0790052646057646	0.168948836915445


Gene	RNCMPT00181
Motif	RNCMPT00181
Pos	A	C	G	U
1	0.382354399445965	0.105642914855843	0.208524086046983	0.303478600631681
2	0.411752335194953	0.0350622401422537	0.0350622401422537	0.518123185769733
3	0.0114185917099152	0.0114185917099152	0.965744225861085	0.0114185917099152
4	0.0114185917099152	0.965744225861085	0.0114185917099152	0.0114185917099152
5	0.965744225861085	0.0114185917099152	0.0114185917099152	0.0114185917099152
6	0.0114185917099152	0.965744225861085	0.0114185917099152	0.0114185917099152
7	0.8241124571156	0.0586291813894281	0.0586291813894281	0.0586291813894281


Gene	RNCMPT00182
Motif	RNCMPT00182
Pos	A	C	G	U
1	0.747525508197882	0.0841581637914671	0.0841581637914671	0.0841581637914671
2	0.0137923215663222	0.0137923215663222	0.0137923215663222	0.958623030057398
3	0.958623030057398	0.0137923215663222	0.0137923215663222	0.0137923215663222
4	0.106063212569741	0.0137923215663222	0.0137923215663222	0.866352139053979
5	0.395411571372234	0.0137923215663222	0.0137923215663222	0.577003780251486
6	0.30218206910235	0.106063212569741	0.102597464144829	0.489157248939445
7	0.626452358454033	0.0608185906774247	0.251910460592564	0.0608185906774247


Gene	RNCMPT00183
Motif	RNCMPT00183
Pos	A	C	G	U
1	0.0341734561898668	0.0341734561898668	0.412725579335108	0.518927512640104
2	0.0106653414340014	0.0106653414340014	0.32267565287555	0.655993663759742
3	0.0106653414340014	0.0106653414340014	0.203005139194524	0.775664177440769
4	0.178966558512777	0.0106653414340014	0.459774848857406	0.350593250699111
5	0.0106653414340014	0.0106653414340014	0.0106653414340014	0.968003975201292
6	0.0106653414340014	0.0106653414340014	0.968003975201292	0.0106653414340014
7	0.0579608409606342	0.0579608409606342	0.0579608409606342	0.826117474299829


Gene	RNCMPT00184
Motif	RNCMPT00184
Pos	A	C	G	U
1	0.47180393842836	0.0812586920384489	0.0812586920384489	0.365678677404633
2	0.009062811327394	0.009062811327394	0.972811566173626	0.009062811327394
3	0.292600891493123	0.009062811327394	0.009062811327394	0.689273486007894
4	0.009062811327394	0.009062811327394	0.972811566173626	0.009062811327394
5	0.009062811327394	0.009062811327394	0.009062811327394	0.972811566173626
6	0.009062811327394	0.009062811327394	0.972811566173626	0.009062811327394
7	0.535514698500703	0.0573267983817584	0.157537103319216	0.249621402755809


Gene	RNCMPT00185
Motif	RNCMPT00185
Pos	A	C	G	U
1	0.357306105607024	0.0824050576287644	0.477883780986725	0.0824050576287644
2	0.868569443131593	0.108170637144196	0.0116299572300182	0.0116299572300182
3	0.0116299572300182	0.102158838231892	0.0116299572300182	0.874581242043898
4	0.784052361042024	0.0116299572300182	0.0116299572300182	0.192687719233765
5	0.965110123045771	0.0116299572300182	0.0116299572300182	0.0116299572300182
6	0.87496910003824	0.0116299572300182	0.0116299572300182	0.101770980237549
7	0.516879064824388	0.318808278611882	0.0362016621914547	0.128110990255524


Gene	RNCMPT00186
Motif	RNCMPT00186
Pos	A	C	G	U
1	0.0607771303349761	0.817668603528926	0.0607771303349761	0.0607771303349761
2	0.102003277503341	0.868662521229795	0.014667100382603	0.014667100382603
3	0.291028483512214	0.110004579925396	0.014667100382603	0.584299835678128
4	0.373745352018156	0.014667100382603	0.014667100382603	0.596920446714979
5	0.38479869763213	0.19156662127764	0.014667100382603	0.408967580205969
6	0.014667100382603	0.955998698350532	0.014667100382603	0.014667100382603
7	0.014667100382603	0.955998698350532	0.014667100382603	0.014667100382603


Gene	RNCMPT00187
Motif	RNCMPT00187
Pos	A	C	G	U
1	0.0603265341719456	0.0603265341719456	0.0603265341719456	0.819020397058174
2	0.0130412745122818	0.0130412745122818	0.960876174794284	0.0130412745122818
3	0.0130412745122818	0.0130412745122818	0.0130412745122818	0.960876174794284
4	0.0130412745122818	0.0130412745122818	0.858392416876179	0.115525032430386
5	0.202543478392952	0.0130412745122818	0.400628525557848	0.383786719868048
6	0.0130412745122818	0.0130412745122818	0.478254426039564	0.495663023267001
7	0.0602729456470117	0.0602729456470117	0.73174716908235	0.147706944715558


Gene	RNCMPT00197
Motif	RNCMPT00197
Pos	A	C	G	U
1	0.586349230743803	0.102668217449236	0.102668217449236	0.208314337211957
2	0.00658827202722211	0.00658827202722211	0.00658827202722211	0.98023518164565
3	0.98023518164565	0.00658827202722211	0.00658827202722211	0.00658827202722211
4	0.00658827202722211	0.896716007522344	0.00658827202722211	0.0901074461505287
5	0.98023518164565	0.00658827202722211	0.00658827202722211	0.00658827202722211
6	0.00658827202722211	0.00658827202722211	0.00658827202722211	0.98023518164565
7	0.253697928731667	0.0539056254497906	0.638490819957556	0.0539056254497906


Gene	RNCMPT00199
Motif	RNCMPT00199
Pos	A	C	G	U
1	0.314911126870257	0.132042882891686	0.219312377293178	0.333733610379795
2	0.0347826834532417	0.0347826834532417	0.895651949904746	0.0347826834532417
3	0.0347826834532417	0.0347826834532417	0.895651949904746	0.0347826834532417
4	0.597139762276957	0.0111745831156944	0.0988145777845856	0.292871076983873
5	0.0111745831156944	0.0111745831156944	0.966476250814028	0.0111745831156944
6	0.0111745831156944	0.0111745831156944	0.966476250814028	0.0111745831156944
7	0.895672844530032	0.0347757171191896	0.0347757171191896	0.0347757171191896
8	0.431991702827227	0.129163442141264	0.3096814157181	0.129163442141264


Gene	RNCMPT00200
Motif	RNCMPT00200
Pos	A	C	G	U
1	0.0364930644646356	0.0364930644646356	0.225637194332335	0.701376674043083
2	0.0127340194423009	0.0127340194423009	0.0127340194423009	0.961797940936986
3	0.673992962466047	0.0127340194423009	0.300538997913241	0.0127340194423009
4	0.0127340194423009	0.961797940936986	0.0127340194423009	0.0127340194423009
5	0.961797940936986	0.0127340194423009	0.0127340194423009	0.0127340194423009
6	0.0127340194423009	0.0127340194423009	0.0127340194423009	0.961797940936986
7	0.28545517514225	0.107024678093295	0.411280217853297	0.196239926617773


Gene	RNCMPT00202
Motif	RNCMPT00202
Pos	A	C	G	U
1	0.0382392384745694	0.0382392384745694	0.0382392384745694	0.885282278149739
2	0.0149765811948685	0.0149765811948685	0.280736358039075	0.689310481330386
3	0.0149765811948685	0.0149765811948685	0.102717928404034	0.867328910965426
4	0.0149765811948685	0.0149765811948685	0.0149765811948685	0.955070258174592
5	0.0149765811948685	0.0149765811948685	0.100657643540456	0.869389195829004
6	0.0149765811948685	0.0149765811948685	0.194183636712742	0.775863202656717
7	0.0858557506193452	0.0858557506193452	0.527109042628239	0.301179457642162


Gene	RNCMPT00203
Motif	RNCMPT00203
Pos	A	C	G	U
1	0.123726469320655	0.628820588193083	0.123726469320655	0.123726469320655
2	0.0340999108508745	0.526533879557187	0.0340999108508745	0.40526629748235
3	0.490760932714914	0.0105553639287875	0.0105553639287875	0.488128336340601
4	0.0105553639287875	0.0105553639287875	0.733909337217676	0.244979931837839
5	0.0105553639287875	0.968333905126728	0.0105553639287875	0.0105553639287875
6	0.968333905126728	0.0105553639287875	0.0105553639287875	0.0105553639287875
7	0.0105553639287875	0.968333905126728	0.0105553639287875	0.0105553639287875
8	0.587315665490527	0.137561444088456	0.137561444088456	0.137561444088456


Gene	RNCMPT00205
Motif	RNCMPT00205
Pos	A	C	G	U
1	0.662421166269608	0.0811753623299837	0.175228108507305	0.0811753623299837
2	0.123397345411833	0.033697624053384	0.716590475977664	0.1263145549702
3	0.0100969783469593	0.0100969783469593	0.969709065874164	0.0100969783469593
4	0.0100969783469593	0.0100969783469593	0.969709065874164	0.0100969783469593
5	0.0100969783469593	0.0100969783469593	0.969709065874164	0.0100969783469593
6	0.877332705414184	0.0100969783469593	0.10247333880694	0.0100969783469593
7	0.802432377098221	0.033899804895358	0.033899804895358	0.129768011601673


Gene	RNCMPT00206
Motif	RNCMPT00206
Pos	A	C	G	U
1	0.395326482148926	0.34450754549348	0.130082986499792	0.130082986499792
2	0.603988716647762	0.0606317074023273	0.199406412626741	0.135973163278592
3	0.955808861866078	0.0147303813599987	0.0147303813599987	0.0147303813599987
4	0.0915040649236879	0.879035178302388	0.0147303813599987	0.0147303813599987
5	0.156143169069345	0.732896193170281	0.0147303813599987	0.09623026234645
6	0.040156966271759	0.040156966271759	0.040156966271759	0.879529108281953
7	0.22502991387478	0.0638031414084175	0.0638031414084175	0.647363795841118
8	0.21496302386762	0.134728903363609	0.235954713375944	0.414353355838992


Gene	RNCMPT00209
Motif	RNCMPT00209
Pos	A	C	G	U
1	0.305352647564418	0.126901283517413	0.126901283517413	0.440844787747471
2	0.66466846994097	0.00872985750157572	0.00872985750157572	0.317871810733199
3	0.00872985750157572	0.00872985750157572	0.973810423172597	0.00872985750157572
4	0.00872985750157572	0.973810423172597	0.00872985750157572	0.00872985750157572
5	0.973810423172597	0.00872985750157572	0.00872985750157572	0.00872985750157572
6	0.00872985750157572	0.973810423172597	0.00872985750157572	0.00872985750157572
7	0.802295681670715	0.0334843151253857	0.130735689143768	0.0334843151253857
8	0.32476498061606	0.226471869016985	0.226645157722497	0.22211799029099


Gene	RNCMPT00212
Motif	RNCMPT00212
Pos	A	C	G	U
1	0.369111718647639	0.193200835735415	0.217749339575521	0.219938104778048
2	0.00327263531881511	0.990182095635142	0.00327263531881511	0.00327263531881511
3	0.990182095635142	0.00327263531881511	0.00327263531881511	0.00327263531881511
4	0.00327263531881511	0.00327263531881511	0.00327263531881511	0.990182095635142
5	0.00327263531881511	0.00327263531881511	0.00327263531881511	0.990182095635142
6	0.00327263531881511	0.00327263531881511	0.00327263531881511	0.990182095635142
7	0.0480753152047633	0.0480753152047633	0.0480753152047633	0.855774053945831


Gene	RNCMPT00215
Motif	RNCMPT00215
Pos	A	C	G	U
1	0.226245598263304	0.417081013610158	0.132628372884672	0.224045008791891
2	0.12904361814787	0.132232461756412	0.0388576010235243	0.699866316615629
3	0.205921502989823	0.0150799800672823	0.0150799800672823	0.763918531939847
4	0.205921502989823	0.0150799800672823	0.0150799800672823	0.763918531939847
5	0.0150799800672823	0.676094740841909	0.0150799800672823	0.293745294087763
6	0.0150799800672823	0.954760054862388	0.0150799800672823	0.0150799800672823
7	0.038967474292714	0.883097580439379	0.038967474292714	0.038967474292714
8	0.132451723667602	0.132451723667602	0.132451723667602	0.602644825573624


Gene	RNCMPT00216
Motif	RNCMPT00216
Pos	A	C	G	U
1	0.00524784311417674	0.984256468546535	0.00524784311417674	0.00524784311417674
2	0.984256468546535	0.00524784311417674	0.00524784311417674	0.00524784311417674
3	0.00524784311417674	0.00524784311417674	0.00524784311417674	0.984256468546535
4	0.474258707801382	0.00524784311417674	0.00524784311417674	0.515245603859328
5	0.00524784311417674	0.00524784311417674	0.984256468546535	0.00524784311417674
6	0.00524784311417674	0.00524784311417674	0.00524784311417674	0.984256468546535
7	0.316485695435802	0.103945357325011	0.287097663918326	0.292471284672799


Gene	RNCMPT00217
Motif	RNCMPT00217
Pos	A	C	G	U
1	0.0626547960142776	0.706975477943724	0.0626547960142776	0.167714935097339
2	0.015740312545942	0.015740312545942	0.120695573626172	0.847823797326872
3	0.015740312545942	0.112252369001651	0.480761120024372	0.391246194472964
4	0.015740312545942	0.015740312545942	0.205265860005208	0.763253510947836
5	0.015740312545942	0.015740312545942	0.0967653859334665	0.871753985019578
6	0.0388243531283581	0.119142064324618	0.612286411704173	0.2297471711602
7	0.0859164215916139	0.177701621215398	0.0859164215916139	0.650465542850924


Gene	RNCMPT00218
Motif	RNCMPT00218
Pos	A	C	G	U
1	0.60909276189126	0.130302411042858	0.130302411042858	0.130302411042858
2	0.173330850290234	0.0842263864186353	0.567597943000946	0.174844819779206
3	0.0132498149795836	0.0132498149795836	0.0132498149795836	0.960250553186452
4	0.0132498149795836	0.0132498149795836	0.0132498149795836	0.960250553186452
5	0.960250553186452	0.0132498149795836	0.0132498149795836	0.0132498149795836
6	0.0369065705563782	0.0369065705563782	0.0369065705563782	0.889280293669354
7	0.269901864520009	0.175965897144044	0.085407364425038	0.468724875280873
8	0.417059653966778	0.132974523911308	0.31699129950486	0.132974523911308


Gene	RNCMPT00219
Motif	RNCMPT00219
Pos	A	C	G	U
1	0.410319317350071	0.128322018843942	0.128322018843942	0.33303664740075
2	0.00616855609128506	0.00616855609128506	0.00616855609128506	0.981494331964732
3	0.981494331964732	0.00616855609128506	0.00616855609128506	0.00616855609128506
4	0.184642437341304	0.00616855609128506	0.00616855609128506	0.803020450714717
5	0.981494331964732	0.00616855609128506	0.00616855609128506	0.00616855609128506
6	0.00616855609128506	0.981494331964732	0.00616855609128506	0.00616855609128506
7	0.120444133499202	0.0302952562355371	0.118825105347392	0.73043550530117
8	0.331137818057827	0.218591268836775	0.23569059547799	0.21458031567402


Gene	RNCMPT00220
Motif	RNCMPT00220
Pos	A	C	G	U
1	0.015499976703535	0.872016281699858	0.015499976703535	0.0969837608316139
2	0.015499976703535	0.10944564399056	0.015499976703535	0.859554398540913
3	0.015499976703535	0.015499976703535	0.015499976703535	0.953500065827938
4	0.015499976703535	0.0969837608316139	0.015499976703535	0.872016281699858
5	0.015499976703535	0.953500065827938	0.015499976703535	0.015499976703535
6	0.015499976703535	0.105480499349077	0.015499976703535	0.863519543182396
7	0.202999280555495	0.203082251012503	0.200842048673263	0.393076427135486


Gene	RNCMPT00223
Motif	RNCMPT00223
Pos	A	C	G	U
1	0.079902208928069	0.079902208928069	0.37727355472752	0.462922028147912
2	0.115883048851297	0.0328553807518431	0.0328553807518431	0.818406192989737
3	0.666176711109537	0.00924727821161486	0.00924727821161486	0.315328729088425
4	0.00924727821161486	0.972258161986348	0.00924727821161486	0.00924727821161486
5	0.972258161986348	0.00924727821161486	0.00924727821161486	0.00924727821161486
6	0.00924727821161486	0.972258161986348	0.00924727821161486	0.00924727821161486
7	0.146045173984973	0.0580237132475095	0.737907400259772	0.0580237132475095


Gene	RNCMPT00224
Motif	RNCMPT00224
Pos	A	C	G	U
1	0.237426318753996	0.199675622952797	0.252356050872447	0.310542009161303
2	0.00347657619933987	0.940044409275546	0.00347657619933987	0.0530024372070121
3	0.989570270283218	0.00347657619933987	0.00347657619933987	0.00347657619933987
4	0.989570270283218	0.00347657619933987	0.00347657619933987	0.00347657619933987
5	0.989570270283218	0.00347657619933987	0.00347657619933987	0.00347657619933987
6	0.989570270283218	0.00347657619933987	0.00347657619933987	0.00347657619933987
7	0.0268564596600667	0.0268564596600667	0.919430619793634	0.0268564596600667


Gene	RNCMPT00225
Motif	RNCMPT00225
Pos	A	C	G	U
1	0.566893659742473	0.173479319658256	0.08570124106347	0.173925779032452
2	0.784926258956305	0.185353935880677	0.0148599035045418	0.0148599035045418
3	0.0982160941356611	0.784926258956305	0.101997745249557	0.0148599035045418
4	0.67009338405364	0.0148599035045418	0.300186810783342	0.0148599035045418
5	0.0148599035045418	0.95542029133244	0.0148599035045418	0.0148599035045418
6	0.0148599035045418	0.0148599035045418	0.95542029133244	0.0148599035045418
7	0.0387436478740311	0.795005558447351	0.0387436478740311	0.127507144154086


Gene	RNCMPT00226
Motif	RNCMPT00226
Pos	A	C	G	U
1	0.30923285660358	0.242994776879493	0.231450953349974	0.216321409674994
2	0.054768114768643	0.754518328162073	0.054768114768643	0.135945440074281
3	0.97753305298744	0.00748898121854127	0.00748898121854127	0.00748898121854127
4	0.97753305298744	0.00748898121854127	0.00748898121854127	0.00748898121854127
5	0.00748898121854127	0.00748898121854127	0.00748898121854127	0.97753305298744
6	0.97753305298744	0.00748898121854127	0.00748898121854127	0.00748898121854127
7	0.97753305298744	0.00748898121854127	0.00748898121854127	0.00748898121854127
8	0.232202105286488	0.126122481749536	0.327418699821182	0.314256709915376


Gene	RNCMPT00228
Motif	RNCMPT00228
Pos	A	C	G	U
1	0.10587808612855	0.182987225861088	0.111738347648476	0.599396339021582
2	0.0787329124843624	0.00753931975778789	0.00753931975778789	0.906188446659754
3	0.00753931975778789	0.00753931975778789	0.00753931975778789	0.977382039386334
4	0.00753931975778789	0.00753931975778789	0.00753931975778789	0.977382039386334
5	0.00753931975778789	0.00753931975778789	0.0785670560262513	0.906354303117868
6	0.00753931975778789	0.00753931975778789	0.0716563702716211	0.913264988872499
7	0.0877997321944372	0.1528566359709	0.104330092519513	0.655013537974845


Gene	RNCMPT00229
Motif	RNCMPT00229
Pos	A	C	G	U
1	0.148302676837172	0.0602218760659667	0.0602218760659667	0.731253570219164
2	0.0136288814424012	0.0136288814424012	0.959113353360605	0.0136288814424012
3	0.101967188310294	0.0136288814424012	0.0136288814424012	0.870775046492713
4	0.0136288814424012	0.0136288814424012	0.103481856681984	0.869260378121022
5	0.0136288814424012	0.0136288814424012	0.0136288814424012	0.959113353360605
6	0.0136288814424012	0.0136288814424012	0.113345672663475	0.859396562139532
7	0.151263498397001	0.061378832527412	0.349462522577888	0.437895152073281


Gene	RNCMPT00230
Motif	RNCMPT00230
Pos	A	C	G	U
1	0.513854965802041	0.135328960973632	0.215487105926766	0.135328960973632
2	0.0150898655059904	0.0150898655059904	0.954730404995595	0.0150898655059904
3	0.954730404995595	0.0150898655059904	0.0150898655059904	0.0150898655059904
4	0.954730404995595	0.0150898655059904	0.0150898655059904	0.0150898655059904
5	0.0150898655059904	0.0150898655059904	0.954730404995595	0.0150898655059904
6	0.0150898655059904	0.0150898655059904	0.954730404995595	0.0150898655059904
7	0.580974296596617	0.0838107076590047	0.175951275645669	0.159263713493444
8	0.207870565483202	0.45533060997742	0.206925677085112	0.129873141703668


Gene	RNCMPT00232
Motif	RNCMPT00232
Pos	A	C	G	U
1	0.517208506195324	0.0584281579562413	0.149860697622706	0.274502638316158
2	0.283009579937325	0.0107741205624091	0.0107741205624091	0.695442183745009
3	0.277217905279655	0.0107741205624091	0.0107741205624091	0.701233858402678
4	0.0979869885939669	0.0107741205624091	0.0996735751701016	0.791565320480675
5	0.0107741205624091	0.0107741205624091	0.0107741205624091	0.967677643119925
6	0.0107741205624091	0.0107741205624091	0.0107741205624091	0.967677643119925
7	0.0107741205624091	0.102569412498937	0.100405490099368	0.786250981646439


Gene	RNCMPT00234
Motif	RNCMPT00234
Pos	A	C	G	U
1	0.506258264778198	0.10301548060124	0.28771077448451	0.10301548060124
2	0.320174754776245	0.0305791275778023	0.139707678952323	0.509538438331453
3	0.00619104254704839	0.00619104254704839	0.00619104254704839	0.981426871740456
4	0.780714178643746	0.00619104254704839	0.206903735643755	0.00619104254704839
5	0.00619104254704839	0.981426871740456	0.00619104254704839	0.00619104254704839
6	0.981426871740456	0.00619104254704839	0.00619104254704839	0.00619104254704839
7	0.00619104254704839	0.981426871740456	0.00619104254704839	0.00619104254704839


Gene	RNCMPT00235
Motif	RNCMPT00235
Pos	A	C	G	U
1	0.724227951325404	0.0605590052599731	0.154654035947356	0.0605590052599731
2	0.0116733567841732	0.964979930438119	0.0116733567841732	0.0116733567841732
3	0.0116733567841732	0.0116733567841732	0.0116733567841732	0.964979930438119
4	0.964979930438119	0.0116733567841732	0.0116733567841732	0.0116733567841732
5	0.698556663775815	0.102278842871922	0.187491137358727	0.0116733567841732
6	0.462128926728422	0.119389531240298	0.122729956613858	0.295751580735902
7	0.147572785681075	0.652003355155335	0.0584002367161661	0.142023620008805


Gene	RNCMPT00236
Motif	RNCMPT00236
Pos	A	C	G	U
1	0.109275201036525	0.208311753009253	0.112857945346368	0.569555096978476
2	0.0985654922393597	0.00931406988706159	0.0894737970014786	0.802646637242722
3	0.00931406988706159	0.00931406988706159	0.00931406988706159	0.972057786709439
4	0.00931406988706159	0.00931406988706159	0.00931406988706159	0.972057786709439
5	0.00931406988706159	0.00931406988706159	0.00931406988706159	0.972057786709439
6	0.00931406988706159	0.0848123769854464	0.00931406988706159	0.896559479611052
7	0.0811525844108756	0.0946360307382416	0.173293316690467	0.650918064531038


Gene	RNCMPT00237
Motif	RNCMPT00237
Pos	A	C	G	U
1	0.13401826562045	0.13401826562045	0.515269751850903	0.216693718099645
2	0.576066202142376	0.0820013211193939	0.0820013211193939	0.25993115492169
3	0.0103561129639003	0.0103561129639003	0.0103561129639003	0.968931662045532
4	0.0103561129639003	0.0103561129639003	0.968931662045532	0.0103561129639003
5	0.0103561129639003	0.0103561129639003	0.968931662045532	0.0103561129639003
6	0.968931662045532	0.0103561129639003	0.0103561129639003	0.0103561129639003
7	0.132789784361445	0.0348932769399727	0.721998765025876	0.110318168616281
8	0.126551794603736	0.126551794603736	0.126551794603736	0.620344616885976


Gene	RNCMPT00238
Motif	RNCMPT00238
Pos	A	C	G	U
1	0.0151350296644311	0.0151350296644311	0.95459491293125	0.0151350296644311
2	0.0151350296644311	0.0151350296644311	0.95459491293125	0.0151350296644311
3	0.676624309821769	0.0151350296644311	0.0151350296644311	0.293105632773912
4	0.0151350296644311	0.0151350296644311	0.95459491293125	0.0151350296644311
5	0.0151350296644311	0.0151350296644311	0.95459491293125	0.0151350296644311
6	0.796931404376681	0.0387530822793458	0.0387530822793458	0.125562424653746
7	0.405228510106265	0.109818205011971	0.28819650709162	0.196756779102329


Gene	RNCMPT00239
Motif	RNCMPT00239
Pos	A	C	G	U
1	0.129927503815854	0.610217490054168	0.129927503815854	0.129927503815854
2	0.162169659073361	0.71524864978095	0.0612908430354122	0.0612908430354122
3	0.0985376724045964	0.198319933103713	0.015118905047773	0.688023483110874
4	0.0985376724045964	0.015118905047773	0.015118905047773	0.871224511166816
5	0.126146345272557	0.0383243064980517	0.0383243064980517	0.797205035941118
6	0.0618044057415847	0.814586783980587	0.0618044057415847	0.0618044057415847
7	0.0618044057415847	0.814586783980587	0.0618044057415847	0.0618044057415847
8	0.135300237426616	0.507774283924346	0.135300237426616	0.22162524216213


Gene	RNCMPT00240
Motif	RNCMPT00240
Pos	A	C	G	U
1	0.496700381555109	0.10324781406176	0.10324781406176	0.296803988553331
2	0.195638630895972	0.00851816531121645	0.00851816531121645	0.78732503607955
3	0.373440963085654	0.00851816531121645	0.00851816531121645	0.609522703889868
4	0.00851816531121645	0.974445501664305	0.00851816531121645	0.00851816531121645
5	0.00851816531121645	0.974445501664305	0.00851816531121645	0.00851816531121645
6	0.00851816531121645	0.00851816531121645	0.974445501664305	0.00851816531121645
7	0.902403434596809	0.0325321886932887	0.0325321886932887	0.0325321886932887


Gene	RNCMPT00241
Motif	RNCMPT00241
Pos	A	C	G	U
1	0.0803179688343325	0.0803179688343325	0.759046091603668	0.0803179688343325
2	0.829395041400546	0.0568683181888417	0.0568683181888417	0.0568683181888417
3	0.122504381812714	0.720551101718016	0.123753048843264	0.0331914635659832
4	0.00912271518861287	0.00912271518861287	0.876828748745447	0.104925823867293
5	0.767498687357868	0.00912271518861287	0.214255885254872	0.00912271518861287
6	0.239530312354965	0.69371809400675	0.0333757965501158	0.0333757965501158
7	0.451310371203348	0.285091577744513	0.182617629240552	0.0809804206280827


Gene	RNCMPT00245
Motif	RNCMPT00245
Pos	A	C	G	U
1	0.265392701879802	0.0857816565481827	0.0857816565481827	0.56304398409449
2	0.645599216469742	0.0597210794347362	0.234958625372078	0.0597210794347362
3	0.011707427774039	0.011707427774039	0.877865413308838	0.0987197272945287
4	0.686838334144168	0.011707427774039	0.10897247912791	0.192481755105328
5	0.101069316256345	0.011707427774039	0.011707427774039	0.875515824347022
6	0.875515824347022	0.011707427774039	0.011707427774039	0.101069316256345
7	0.123901364191983	0.0352529546076604	0.805592721263838	0.0352529546076604


Gene	RNCMPT00246
Motif	RNCMPT00246
Pos	A	C	G	U
1	0.269263245195772	0.360668679752099	0.200407187779435	0.169660892208334
2	0.213352959291671	0.122689609878098	0.0372711867835162	0.626686247401763
3	0.400966387632203	0.0136592656303455	0.0136592656303455	0.571715083336483
4	0.19718030858079	0.0136592656303455	0.0136592656303455	0.775501162387897
5	0.125606572844129	0.798078796351013	0.0381573145628414	0.0381573145628414
6	0.0381573145628414	0.885528054632301	0.0381573145628414	0.0381573145628414
7	0.0633641537774895	0.809907540667074	0.0633641537774895	0.0633641537774895


Gene	RNCMPT00248
Motif	RNCMPT00248
Pos	A	C	G	U
1	0.314449165452399	0.223061714951939	0.239672484170147	0.222816638029048
2	0.737506599216388	0.0580220474208965	0.146449305289783	0.0580220474208965
3	0.00947029433362269	0.971589112669882	0.00947029433362269	0.00947029433362269
4	0.00947029433362269	0.00947029433362269	0.971589112669882	0.00947029433362269
5	0.696823046980766	0.00947029433362269	0.284236360022736	0.00947029433362269
6	0.00947029433362269	0.971589112669882	0.00947029433362269	0.00947029433362269
7	0.00947029433362269	0.00947029433362269	0.971589112669882	0.00947029433362269
8	0.409939578559117	0.336921101518311	0.126569659119036	0.126569659119036


Gene	RNCMPT00249
Motif	RNCMPT00249
Pos	A	C	G	U
1	0.077034879504487	0.077034879504487	0.077034879504487	0.768895358717781
2	0.00809186428105129	0.00809186428105129	0.00809186428105129	0.975724407315584
3	0.00809186428105129	0.00809186428105129	0.975724407315584	0.00809186428105129
4	0.00809186428105129	0.975724407315584	0.00809186428105129	0.00809186428105129
5	0.975724407315584	0.00809186428105129	0.00809186428105129	0.00809186428105129
6	0.0321070883552901	0.903678737211843	0.0321070883552901	0.0321070883552901
7	0.400582670213314	0.106936578045454	0.307027504082056	0.185453251389663


Gene	RNCMPT00251
Motif	RNCMPT00251
Pos	A	C	G	U
1	0.502560517528809	0.189733067708212	0.104930893555943	0.202775520448609
2	0.125692932160194	0.0343106085005549	0.0343106085005549	0.805685849766482
3	0.0104267523773517	0.0104267523773517	0.0104267523773517	0.968719741513308
4	0.0104267523773517	0.968719741513308	0.0104267523773517	0.0104267523773517
5	0.968719741513308	0.0104267523773517	0.0104267523773517	0.0104267523773517
6	0.0104267523773517	0.968719741513308	0.0104267523773517	0.0104267523773517
7	0.492185371019063	0.106442382623278	0.294929864053987	0.106442382623278


Gene	RNCMPT00252
Motif	RNCMPT00252
Pos	A	C	G	U
1	0.492936247549369	0.107186783946984	0.107186783946984	0.292690187762051
2	0.0129175005612977	0.0129175005612977	0.9612474936412	0.0129175005612977
3	0.0129175005612977	0.0129175005612977	0.0129175005612977	0.9612474936412
4	0.9612474936412	0.0129175005612977	0.0129175005612977	0.0129175005612977
5	0.0129175005612977	0.0129175005612977	0.9612474936412	0.0129175005612977
6	0.6068838180176	0.0371191483532807	0.225645056218993	0.130351980634687
7	0.201245864209472	0.108560639758901	0.108560639758901	0.581632851826863


Gene	RNCMPT00253
Motif	RNCMPT00253
Pos	A	C	G	U
1	0.827527029599695	0.0574909917520341	0.0574909917520341	0.0574909917520341
2	0.375868262209363	0.0336871001158721	0.556757541122531	0.0336871001158721
3	0.96997803497813	0.0100073213563043	0.0100073213563043	0.0100073213563043
4	0.887011065677029	0.0100073213563043	0.0929742906574047	0.0100073213563043
5	0.96997803497813	0.0100073213563043	0.0100073213563043	0.0100073213563043
6	0.469481044719943	0.194158371698118	0.205561449275586	0.130799133353395
7	0.889166525463015	0.0100073213563043	0.0908188308714199	0.0100073213563043


Gene	RNCMPT00254
Motif	RNCMPT00254
Pos	A	C	G	U
1	0.379481610771043	0.192886092241287	0.103794441721274	0.32383785573066
2	0.0303204773155101	0.0303204773155101	0.909038567533142	0.0303204773155101
3	0.980747520151269	0.00641749336816235	0.00641749336816235	0.00641749336816235
4	0.980747520151269	0.00641749336816235	0.00641749336816235	0.00641749336816235
5	0.00641749336816235	0.980747520151269	0.00641749336816235	0.00641749336816235
6	0.00641749336816235	0.00641749336816235	0.980747520151269	0.00641749336816235
7	0.434926449850864	0.398314825688177	0.0833793631355888	0.0833793631355888


Gene	RNCMPT00255
Motif	RNCMPT00255
Pos	A	C	G	U
1	0.892097899400527	0.0359673664509717	0.0359673664509717	0.0359673664509717
2	0.965191680288458	0.0116027738844348	0.0116027738844348	0.0116027738844348
3	0.863574489970253	0.113219964202641	0.0116027738844348	0.0116027738844348
4	0.454766177416005	0.437177870622207	0.0964531800191165	0.0116027738844348
5	0.869228405567023	0.0116027738844348	0.107566048605871	0.0116027738844348
6	0.789593249163844	0.102497020829457	0.0963069580640276	0.0116027738844348
7	0.718720143377467	0.121693803964438	0.123716262632843	0.0358697848924572


Gene	RNCMPT00256
Motif	RNCMPT00256
Pos	A	C	G	U
1	0.193812150073848	0.374055159153175	0.194481113871575	0.237651577618234
2	0.0934422444376736	0.00866128119750181	0.00866128119750181	0.889235188851008
3	0.00866128119750181	0.00866128119750181	0.00866128119750181	0.97401615209118
4	0.00866128119750181	0.00866128119750181	0.00866128119750181	0.97401615209118
5	0.00866128119750181	0.00866128119750181	0.00866128119750181	0.97401615209118
6	0.00866128119750181	0.00866128119750181	0.00866128119750181	0.97401615209118
7	0.032285877391801	0.113439505111696	0.114828989441725	0.739445632248909


Gene	RNCMPT00257
Motif	RNCMPT00257
Pos	A	C	G	U
1	0.904664237761724	0.031778586310343	0.031778586310343	0.031778586310343
2	0.198724452016159	0.101369878847747	0.53005735724931	0.169848313939545
3	0.976793369071035	0.00773554432724106	0.00773554432724106	0.00773554432724106
4	0.976793369071035	0.00773554432724106	0.00773554432724106	0.00773554432724106
5	0.976793369071035	0.00773554432724106	0.00773554432724106	0.00773554432724106
6	0.892193899838308	0.00773554432724106	0.0923350135599714	0.00773554432724106
7	0.464589030567088	0.117963324245556	0.312042588906546	0.105405058333572


Gene	RNCMPT00258
Motif	RNCMPT00258
Pos	A	C	G	U
1	0.106549496831761	0.106549496831761	0.106549496831761	0.680351509398545
2	0.036291334770352	0.036291334770352	0.627740052223848	0.299677283609617
3	0.0124398706412684	0.0124398706412684	0.0124398706412684	0.962680388553889
4	0.0124398706412684	0.101069435741578	0.0999106325521135	0.786580061542735
5	0.0124398706412684	0.0124398706412684	0.0999106325521135	0.875209626643044
6	0.0124398706412684	0.0124398706412684	0.962680388553889	0.0124398706412684
7	0.245219136059576	0.0603498828376869	0.152006845568579	0.54242414155012


Gene	RNCMPT00259
Motif	RNCMPT00259
Pos	A	C	G	U
1	0.844440598040267	0.0518531337216967	0.0518531337216967	0.0518531337216967
2	0.00492372264884993	0.692315173805667	0.00492372264884993	0.297837382884121
3	0.00492372264884993	0.985228834040935	0.00492372264884993	0.00492372264884993
4	0.985228834040935	0.00492372264884993	0.00492372264884993	0.00492372264884993
5	0.00492372264884993	0.00492372264884993	0.00492372264884993	0.985228834040935
6	0.00492372264884993	0.00492372264884993	0.985228834040935	0.00492372264884993
7	0.380598670618014	0.0860029088034212	0.271347565861896	0.262050852825401


Gene	RNCMPT00261
Motif	RNCMPT00261
Pos	A	C	G	U
1	0.600067569056025	0.0995951770285189	0.200742075644975	0.0995951770285189
2	0.608460239482599	0.00505611468206514	0.198060428715682	0.188423218516515
3	0.00505611468206514	0.00505611468206514	0.00505611468206514	0.984831657350668
4	0.00505611468206514	0.00505611468206514	0.00505611468206514	0.984831657350668
5	0.00505611468206514	0.00505611468206514	0.00505611468206514	0.984831657350668
6	0.00505611468206514	0.00505611468206514	0.00505611468206514	0.984831657350668
7	0.0541121337880642	0.0541121337880642	0.837663599065427	0.0541121337880642


Gene	RNCMPT00262
Motif	RNCMPT00262
Pos	A	C	G	U
1	0.00850766604518166	0.104394556208772	0.109255622105266	0.777842154789368
2	0.00850766604518166	0.00850766604518166	0.102646757234752	0.88033790982347
3	0.00850766604518166	0.00850766604518166	0.00850766604518166	0.974477001013042
4	0.00850766604518166	0.00850766604518166	0.00850766604518166	0.974477001013042
5	0.00850766604518166	0.00850766604518166	0.0919687978778445	0.891015869180384
6	0.00850766604518166	0.173354418428859	0.0981407130048549	0.719997201669693
7	0.00850766604518166	0.111931939284236	0.274675871027294	0.604884522791877


Gene	RNCMPT00263
Motif	RNCMPT00263
Pos	A	C	G	U
1	0.699823891035458	0.100058702620454	0.100058702620454	0.100058702620454
2	0.011645753009906	0.011645753009906	0.965062745738562	0.011645753009906
3	0.965062745738562	0.011645753009906	0.011645753009906	0.011645753009906
4	0.965062745738562	0.011645753009906	0.011645753009906	0.011645753009906
5	0.011645753009906	0.965062745738562	0.011645753009906	0.011645753009906
6	0.700283318699826	0.011645753009906	0.276425180048643	0.011645753009906
7	0.40764071686783	0.011645753009906	0.384059792298944	0.1966537425916


Gene	RNCMPT00265
Motif	RNCMPT00265
Pos	A	C	G	U
1	0.294806458045235	0.178204753206746	0.263590449215368	0.26339835069949
2	0.84490759039106	0.108809755290282	0.0231413300266533	0.0231413300266533
3	0.0231413300266533	0.930576015654689	0.0231413300266533	0.0231413300266533
4	0.206956268665643	0.746761077015698	0.0231413300266533	0.0231413300266533
5	0.0454106758844526	0.307831033083064	0.0454106758844526	0.601347626034855
6	0.653789090707972	0.168132824041813	0.0890390416538231	0.0890390416538231
7	0.669576317455645	0.110141227306334	0.110141227306334	0.110141227306334


Gene	RNCMPT00268
Motif	RNCMPT00268
Pos	A	C	G	U
1	0.242167906483945	0.538757814116453	0.0620047828924924	0.157069502776823
2	0.0386394043101561	0.218875523399963	0.0386394043101561	0.703845667851465
3	0.0153006866458545	0.0153006866458545	0.0153006866458545	0.954097937591383
4	0.0153006866458545	0.0153006866458545	0.0153006866458545	0.954097937591383
5	0.0153006866458545	0.109172440256752	0.0153006866458545	0.860226183980486
6	0.0153006866458545	0.675671270220875	0.0153006866458545	0.293727354016363
7	0.0620811983914765	0.158058184743783	0.0620811983914765	0.717779421142082


Gene	RNCMPT00269
Motif	RNCMPT00269
Pos	A	C	G	U
1	0.482936162034527	0.211619116050725	0.108073003339822	0.197371726256809
2	0.0156051531711325	0.670411914976443	0.0156051531711325	0.298377776181234
3	0.0156051531711325	0.0156051531711325	0.0156051531711325	0.953184537986546
4	0.106236137797794	0.0156051531711325	0.0156051531711325	0.862553553359885
5	0.106236137797794	0.0156051531711325	0.0156051531711325	0.862553553359885
6	0.0388301585568273	0.691174903850627	0.0388301585568273	0.231164778873468
7	0.0625021928379392	0.162215716981647	0.0625021928379392	0.712779901427627


Gene	RNCMPT00270
Motif	RNCMPT00270
Pos	A	C	G	U
1	0.052016740491092	0.052016740491092	0.052016740491092	0.843949779832131
2	0.102805549540095	0.00655910628766095	0.5882420976174	0.302393245983001
3	0.00655910628766095	0.00655910628766095	0.00655910628766095	0.980322680565174
4	0.153198498933737	0.00655910628766095	0.697364307053679	0.14287808715308
5	0.00655910628766095	0.00655910628766095	0.00655910628766095	0.980322680565174
6	0.00655910628766095	0.00655910628766095	0.89583522785819	0.0910465589946458
7	0.0307071205671344	0.0307071205671344	0.0307071205671344	0.90787863735136


Gene	RNCMPT00272
Motif	RNCMPT00272
Pos	A	C	G	U
1	0.060009358150922	0.060009358150922	0.637262623494651	0.242718657686132
2	0.0109044974192926	0.0109044974192926	0.294315812060899	0.683875191845284
3	0.683875191845284	0.0109044974192926	0.294315812060899	0.0109044974192926
4	0.0109044974192926	0.0109044974192926	0.96728650648689	0.0109044974192926
5	0.0109044974192926	0.0109044974192926	0.96728650648689	0.0109044974192926
6	0.217153815029093	0.12627821246059	0.225467373735718	0.431100599576772
7	0.451691954594306	0.157752480906955	0.238800747234487	0.15175481389982


Gene	RNCMPT00273
Motif	RNCMPT00273
Pos	A	C	G	U
1	0.412365140472584	0.106883253308221	0.106883253308221	0.37386834669602
2	0.0145252160073923	0.0145252160073923	0.956424355923658	0.0145252160073923
3	0.0145252160073923	0.956424355923658	0.0145252160073923	0.0145252160073923
4	0.956424355923658	0.0145252160073923	0.0145252160073923	0.0145252160073923
5	0.0145252160073923	0.0145252160073923	0.0145252160073923	0.956424355923658
6	0.0145252160073923	0.0145252160073923	0.956424355923658	0.0145252160073923
7	0.249670933430663	0.425963331655786	0.163663669644196	0.160702066884987

